Частота (Гц)	Уровень (дБ)
1,953125	-25,419569
3,906250	-26,502684
5,859375	-28,490803
7,812500	-28,994608
9,765625	-34,313946
11,718750	-33,176247
13,671875	-28,227924
15,625000	-29,120815
17,578125	-30,082867
19,531250	-29,904451
21,484375	-29,643787
23,437500	-25,970249
25,390625	-29,844891
27,343750	-34,940643
29,296875	-41,537285
31,250000	-33,169514
33,203125	-27,781643
35,156250	-33,881897
37,109375	-29,408361
39,062500	-25,465273
41,015625	-29,029972
42,968750	-31,628656
44,921875	-28,659346
46,875000	-31,582005
48,828125	-27,755192
50,781250	-32,957100
52,734375	-46,929409
54,687500	-33,271694
56,640625	-29,257977
58,593750	-31,497990
60,546875	-30,382740
62,500000	-27,150784
64,453125	-28,187902
66,406250	-28,771318
68,359375	-28,923706
70,312500	-30,775324
72,265625	-27,947279
74,218750	-24,885185
76,171875	-26,944502
78,125000	-29,737152
80,078125	-30,315460
82,031250	-29,996027
83,984375	-30,907269
85,937500	-27,425467
87,890625	-30,553976
89,843750	-28,795149
91,796875	-29,686443
93,750000	-28,095705
95,703125	-33,040096
97,656250	-35,198044
99,609375	-26,965336
101,562500	-27,693024
103,515625	-27,743727
105,468750	-24,571255
107,421875	-24,998051
109,375000	-28,670288
111,328125	-34,079914
113,281250	-33,657230
115,234375	-27,995178
117,187500	-28,225336
119,140625	-26,905693
121,093750	-32,800068
123,046875	-30,972553
125,000000	-36,638603
126,953125	-28,473162
128,906250	-26,634848
130,859375	-30,286034
132,812500	-31,834543
134,765625	-33,254498
136,718750	-26,508656
138,671875	-27,220709
140,625000	-32,616501
142,578125	-28,698057
144,531250	-27,771809
146,484375	-29,108528
148,437500	-31,239456
150,390625	-34,034634
152,343750	-32,509315
154,296875	-32,039394
156,250000	-31,339958
158,203125	-28,455404
160,156250	-27,477484
162,109375	-26,480146
164,062500	-30,720400
166,015625	-34,799301
167,968750	-38,970318
169,921875	-30,947500
171,875000	-27,491140
173,828125	-25,799246
175,781250	-33,980919
177,734375	-34,521069
179,687500	-37,305569
181,640625	-29,371628
183,593750	-30,475288
185,546875	-27,341923
187,500000	-29,247561
189,453125	-28,862341
191,406250	-30,042965
193,359375	-27,335306
195,312500	-27,915751
197,265625	-31,865053
199,218750	-28,989756
201,171875	-28,397610
203,125000	-26,933994
205,078125	-26,752220
207,031250	-32,503044
208,984375	-30,493881
210,937500	-34,016869
212,890625	-30,025682
214,843750	-27,370628
216,796875	-24,597376
218,750000	-26,511374
220,703125	-31,571024
222,656250	-34,425545
224,609375	-34,383915
226,562500	-31,986473
228,515625	-30,463732
230,468750	-36,376381
232,421875	-30,205408
234,375000	-32,091579
236,328125	-24,030146
238,281250	-26,015575
240,234375	-36,209873
242,187500	-31,959820
244,140625	-34,555145
246,093750	-34,693073
248,046875	-33,203918
250,000000	-33,974812
251,953125	-31,709768
253,906250	-28,337843
255,859375	-28,217510
257,812500	-27,866575
259,765625	-30,567001
261,718750	-28,862183
263,671875	-32,823181
265,625000	-33,104176
267,578125	-30,532389
269,531250	-29,071749
271,484375	-30,039221
273,437500	-31,188017
275,390625	-28,287811
277,343750	-31,132065
279,296875	-25,895254
281,250000	-25,949085
283,203125	-28,558876
285,156250	-28,730080
287,109375	-33,594940
289,062500	-34,210735
291,015625	-38,552795
292,968750	-32,234573
294,921875	-30,281027
296,875000	-27,261164
298,828125	-28,469305
300,781250	-29,319706
302,734375	-35,573315
304,687500	-26,922499
306,640625	-26,900993
308,593750	-39,250446
310,546875	-30,466087
312,500000	-32,922558
314,453125	-32,654816
316,406250	-36,020374
318,359375	-34,162678
320,312500	-34,191238
322,265625	-31,154600
324,218750	-28,076960
326,171875	-31,993721
328,125000	-33,346909
330,078125	-28,188612
332,031250	-24,625423
333,984375	-30,634430
335,937500	-33,711754
337,890625	-33,508923
339,843750	-29,059156
341,796875	-27,454082
343,750000	-28,833834
345,703125	-29,727844
347,656250	-30,820089
349,609375	-25,933308
351,562500	-24,018473
353,515625	-27,297937
355,468750	-33,494770
357,421875	-33,516891
359,375000	-31,631794
361,328125	-38,404675
363,281250	-34,700325
365,234375	-34,492588
367,187500	-30,975929
369,140625	-27,651043
371,093750	-34,032379
373,046875	-25,860273
375,000000	-25,460239
376,953125	-28,269733
378,906250	-39,991165
380,859375	-32,346870
382,812500	-30,174026
384,765625	-27,685442
386,718750	-28,667137
388,671875	-22,772917
390,625000	-26,182158
392,578125	-28,655590
394,531250	-29,730354
396,484375	-27,939075
398,437500	-36,193577
400,390625	-26,499580
402,343750	-28,769751
404,296875	-31,828884
406,250000	-29,477413
408,203125	-30,182306
410,156250	-35,550144
412,109375	-29,054968
414,062500	-30,814920
416,015625	-27,104534
417,968750	-29,926336
419,921875	-33,904537
421,875000	-32,189594
423,828125	-30,884487
425,781250	-31,986206
427,734375	-29,878603
429,687500	-25,008234
431,640625	-28,283070
433,593750	-27,850904
435,546875	-30,958508
437,500000	-32,735519
439,453125	-27,761637
441,406250	-29,625238
443,359375	-37,486214
445,312500	-33,354866
447,265625	-31,974758
449,218750	-31,790911
451,171875	-30,786289
453,125000	-33,131336
455,078125	-34,073112
457,031250	-33,262714
458,984375	-37,821426
460,937500	-30,595177
462,890625	-31,680584
464,843750	-34,936779
466,796875	-27,501064
468,750000	-30,407808
470,703125	-34,283287
472,656250	-31,002285
474,609375	-32,505062
476,562500	-33,713867
478,515625	-33,673016
480,468750	-32,307159
482,421875	-30,121550
484,375000	-30,581602
486,328125	-32,864197
488,281250	-37,760319
490,234375	-34,390366
492,187500	-34,923336
494,140625	-27,900848
496,093750	-25,610960
498,046875	-7,759182
500,000000	-0,061175
501,953125	-7,214039
503,906250	-28,195347
505,859375	-31,313181
507,812500	-39,367203
509,765625	-26,434704
511,718750	-28,243980
513,671875	-36,588482
515,625000	-30,952864
517,578125	-28,437103
519,531250	-33,042095
521,484375	-32,871101
523,437500	-33,217571
525,390625	-31,402699
527,343750	-28,439526
529,296875	-27,574326
531,250000	-27,326880
533,203125	-27,391479
535,156250	-28,641157
537,109375	-29,264446
539,062500	-27,883211
541,015625	-28,064453
542,968750	-26,172552
544,921875	-26,900776
546,875000	-26,729418
548,828125	-28,125618
550,781250	-24,908241
552,734375	-26,972555
554,687500	-40,018822
556,640625	-32,881786
558,593750	-29,125490
560,546875	-31,724165
562,500000	-29,880655
564,453125	-29,286119
566,406250	-26,478989
568,359375	-26,422577
570,312500	-35,527195
572,265625	-34,169792
574,218750	-32,534897
576,171875	-28,144304
578,125000	-29,044163
580,078125	-30,736576
582,031250	-32,030289
583,984375	-41,412186
585,937500	-35,073715
587,890625	-31,499525
589,843750	-29,480303
591,796875	-33,451103
593,750000	-29,684391
595,703125	-29,007483
597,656250	-30,030746
599,609375	-33,330051
601,562500	-32,119186
603,515625	-27,738939
605,468750	-25,463226
607,421875	-29,316917
609,375000	-33,747921
611,328125	-32,632137
613,281250	-34,084229
615,234375	-27,645193
617,187500	-27,428617
619,140625	-28,371056
621,093750	-33,355484
623,046875	-34,455868
625,000000	-33,165730
626,953125	-31,167198
628,906250	-31,026440
630,859375	-37,589748
632,812500	-31,029573
634,765625	-33,347298
636,718750	-32,634602
638,671875	-38,282280
640,625000	-34,609959
642,578125	-31,843550
644,531250	-25,810472
646,484375	-26,699890
648,437500	-26,259359
650,390625	-26,710407
652,343750	-24,494347
654,296875	-27,129988
656,250000	-31,508005
658,203125	-34,160267
660,156250	-32,960732
662,109375	-25,758911
664,062500	-28,970839
666,015625	-33,830311
667,968750	-29,879261
669,921875	-33,619423
671,875000	-33,594997
673,828125	-30,239744
675,781250	-31,756817
677,734375	-31,417009
679,687500	-30,425764
681,640625	-27,051044
683,593750	-28,766500
685,546875	-29,133560
687,500000	-29,128889
689,453125	-33,291817
691,406250	-29,924631
693,359375	-34,285118
695,312500	-34,084747
697,265625	-27,853785
699,218750	-26,587172
701,171875	-31,685343
703,125000	-33,033657
705,078125	-32,271271
707,031250	-26,189413
708,984375	-25,535713
710,937500	-32,460125
712,890625	-25,865339
714,843750	-26,511713
716,796875	-31,562244
718,750000	-30,218216
720,703125	-26,980722
722,656250	-25,825134
724,609375	-29,312513
726,562500	-28,166208
728,515625	-26,624346
730,468750	-34,114040
732,421875	-29,185410
734,375000	-34,300995
736,328125	-34,868931
738,281250	-33,235294
740,234375	-31,343584
742,187500	-33,738770
744,140625	-28,467268
746,093750	-30,370560
748,046875	-35,807098
750,000000	-34,636158
751,953125	-31,866161
753,906250	-36,629845
755,859375	-30,225172
757,812500	-28,878918
759,765625	-26,831451
761,718750	-31,153917
763,671875	-30,096354
765,625000	-28,988031
767,578125	-33,385384
769,531250	-30,157549
771,484375	-30,238096
773,437500	-34,664822
775,390625	-31,956137
777,343750	-31,581112
779,296875	-31,786762
781,250000	-29,654327
783,203125	-26,301121
785,156250	-26,246552
787,109375	-33,930088
789,062500	-31,262014
791,015625	-37,306561
792,968750	-35,469490
794,921875	-26,741821
796,875000	-29,552240
798,828125	-27,182161
800,781250	-30,038153
802,734375	-29,035299
804,687500	-27,869061
806,640625	-31,505516
808,593750	-28,872992
810,546875	-27,641342
812,500000	-30,282831
814,453125	-33,805702
816,406250	-27,294449
818,359375	-26,028751
820,312500	-31,201809
822,265625	-30,453777
824,218750	-36,741997
826,171875	-32,531986
828,125000	-32,212097
830,078125	-40,301243
832,031250	-30,943964
833,984375	-27,189148
835,937500	-25,023554
837,890625	-27,744057
839,843750	-28,932293
841,796875	-28,519508
843,750000	-38,257435
845,703125	-35,935219
847,656250	-28,611046
849,609375	-26,125010
851,562500	-30,691610
853,515625	-40,201599
855,468750	-41,011253
857,421875	-38,617466
859,375000	-32,212559
861,328125	-28,141195
863,281250	-27,236900
865,234375	-27,232979
867,187500	-27,115316
869,140625	-30,733139
871,093750	-25,782148
873,046875	-23,759005
875,000000	-24,901218
876,953125	-27,648912
878,906250	-28,549795
880,859375	-35,001572
882,812500	-30,915283
884,765625	-27,692257
886,718750	-32,373558
888,671875	-32,269196
890,625000	-31,183432
892,578125	-30,841764
894,531250	-29,676790
896,484375	-32,380318
898,437500	-30,219622
900,390625	-30,498367
902,343750	-27,908897
904,296875	-30,723465
906,250000	-32,070728
908,203125	-35,224308
910,156250	-30,093002
912,109375	-26,965153
914,062500	-33,469753
916,015625	-33,631851
917,968750	-27,728416
919,921875	-27,743521
921,875000	-34,930794
923,828125	-43,624432
925,781250	-38,658909
927,734375	-31,223557
929,687500	-31,894636
931,640625	-30,876947
933,593750	-35,687157
935,546875	-30,818396
937,500000	-30,532612
939,453125	-28,382311
941,406250	-25,812109
943,359375	-26,246195
945,312500	-31,316868
947,265625	-29,468945
949,218750	-29,548441
951,171875	-31,023359
953,125000	-34,933819
955,078125	-29,111528
957,031250	-26,811333
958,984375	-42,010281
960,937500	-29,933262
962,890625	-36,021633
964,843750	-44,139820
966,796875	-34,088982
968,750000	-33,512054
970,703125	-31,266760
972,656250	-31,566561
974,609375	-33,081108
976,562500	-34,524643
978,515625	-31,460779
980,468750	-29,876732
982,421875	-29,701885
984,375000	-38,967587
986,328125	-35,121696
988,281250	-28,785349
990,234375	-29,557407
992,187500	-30,681507
994,140625	-32,711250
996,093750	-30,420397
998,046875	-29,040632
1000,000000	-29,170992
1001,953125	-30,915842
1003,906250	-29,512304
1005,859375	-28,880241
1007,812500	-25,369141
1009,765625	-25,670162
1011,718750	-31,449213
1013,671875	-30,537981
1015,625000	-27,583200
1017,578125	-28,764898
1019,531250	-28,474342
1021,484375	-34,757339
1023,437500	-31,606075
1025,390625	-26,090071
1027,343750	-30,000607
1029,296875	-33,164745
1031,250000	-31,350130
1033,203125	-31,020601
1035,156250	-30,128714
1037,109375	-29,495636
1039,062500	-38,327633
1041,015625	-30,705770
1042,968750	-32,315460
1044,921875	-34,070339
1046,875000	-36,584053
1048,828125	-35,811604
1050,781250	-39,632172
1052,734375	-33,944492
1054,687500	-36,648243
1056,640625	-34,082306
1058,593750	-34,613331
1060,546875	-33,863255
1062,500000	-30,959852
1064,453125	-36,502731
1066,406250	-32,345833
1068,359375	-32,534668
1070,312500	-30,562792
1072,265625	-30,373236
1074,218750	-29,039671
1076,171875	-30,465757
1078,125000	-32,947720
1080,078125	-30,535437
1082,031250	-25,025684
1083,984375	-26,756340
1085,937500	-26,303471
1087,890625	-31,342232
1089,843750	-29,978497
1091,796875	-25,380476
1093,750000	-29,502089
1095,703125	-32,193497
1097,656250	-26,928162
1099,609375	-27,238529
1101,562500	-28,073555
1103,515625	-25,665455
1105,468750	-26,508278
1107,421875	-26,304068
1109,375000	-26,644342
1111,328125	-25,329777
1113,281250	-30,024586
1115,234375	-36,638935
1117,187500	-27,778271
1119,140625	-26,406889
1121,093750	-27,216421
1123,046875	-33,971508
1125,000000	-28,718349
1126,953125	-28,017839
1128,906250	-23,798313
1130,859375	-21,318487
1132,812500	-23,360504
1134,765625	-26,846203
1136,718750	-31,250690
1138,671875	-37,225159
1140,625000	-34,861256
1142,578125	-32,429794
1144,531250	-32,990051
1146,484375	-33,660797
1148,437500	-34,536732
1150,390625	-32,359131
1152,343750	-32,310352
1154,296875	-31,933674
1156,250000	-29,640949
1158,203125	-26,244505
1160,156250	-25,651634
1162,109375	-28,944872
1164,062500	-33,694824
1166,015625	-28,980366
1167,968750	-26,738720
1169,921875	-24,037024
1171,875000	-30,513597
1173,828125	-30,918676
1175,781250	-27,131622
1177,734375	-30,598906
1179,687500	-35,262939
1181,640625	-33,200813
1183,593750	-27,411404
1185,546875	-30,769602
1187,500000	-35,384422
1189,453125	-31,246126
1191,406250	-25,132830
1193,359375	-26,409809
1195,312500	-33,126499
1197,265625	-25,848640
1199,218750	-27,698858
1201,171875	-35,582752
1203,125000	-32,128120
1205,078125	-29,204561
1207,031250	-28,297916
1208,984375	-27,739071
1210,937500	-35,164165
1212,890625	-32,113968
1214,843750	-32,641682
1216,796875	-33,512478
1218,750000	-30,143942
1220,703125	-32,591831
1222,656250	-31,570896
1224,609375	-30,059261
1226,562500	-31,335484
1228,515625	-34,068787
1230,468750	-29,580038
1232,421875	-28,818434
1234,375000	-31,995110
1236,328125	-28,812294
1238,281250	-28,404472
1240,234375	-27,052912
1242,187500	-26,082693
1244,140625	-30,698643
1246,093750	-30,227013
1248,046875	-27,518000
1250,000000	-27,369001
1251,953125	-33,020561
1253,906250	-26,425764
1255,859375	-25,521385
1257,812500	-26,487139
1259,765625	-26,013666
1261,718750	-27,130411
1263,671875	-29,920845
1265,625000	-26,834406
1267,578125	-25,263124
1269,531250	-27,260420
1271,484375	-27,564219
1273,437500	-28,612019
1275,390625	-27,965559
1277,343750	-28,011549
1279,296875	-34,968071
1281,250000	-37,361347
1283,203125	-29,648872
1285,156250	-28,115793
1287,109375	-28,155947
1289,062500	-31,169733
1291,015625	-30,235954
1292,968750	-32,626369
1294,921875	-34,312187
1296,875000	-32,034657
1298,828125	-32,836201
1300,781250	-27,321165
1302,734375	-33,759468
1304,687500	-27,988861
1306,640625	-28,159271
1308,593750	-34,554356
1310,546875	-29,481115
1312,500000	-26,461981
1314,453125	-31,139921
1316,406250	-34,334099
1318,359375	-33,093681
1320,312500	-32,845516
1322,265625	-29,927305
1324,218750	-27,779480
1326,171875	-27,667274
1328,125000	-30,212132
1330,078125	-31,290892
1332,031250	-25,312269
1333,984375	-25,384663
1335,937500	-30,758961
1337,890625	-31,185837
1339,843750	-27,973244
1341,796875	-31,575537
1343,750000	-49,539616
1345,703125	-31,717506
1347,656250	-28,633587
1349,609375	-31,097851
1351,562500	-28,311796
1353,515625	-32,435024
1355,468750	-35,906517
1357,421875	-34,294369
1359,375000	-31,371422
1361,328125	-35,145866
1363,281250	-28,884174
1365,234375	-26,392122
1367,187500	-27,114485
1369,140625	-26,124672
1371,093750	-28,344538
1373,046875	-28,800522
1375,000000	-34,990685
1376,953125	-35,179276
1378,906250	-36,247894
1380,859375	-32,093403
1382,812500	-28,788813
1384,765625	-35,466045
1386,718750	-33,925385
1388,671875	-29,307730
1390,625000	-32,160191
1392,578125	-27,025724
1394,531250	-33,076008
1396,484375	-27,934338
1398,437500	-32,055817
1400,390625	-30,298128
1402,343750	-31,606924
1404,296875	-27,573036
1406,250000	-28,330938
1408,203125	-29,953918
1410,156250	-31,694569
1412,109375	-32,834873
1414,062500	-26,744715
1416,015625	-31,650179
1417,968750	-27,082579
1419,921875	-30,645231
1421,875000	-26,946310
1423,828125	-31,415138
1425,781250	-27,320047
1427,734375	-27,912169
1429,687500	-36,491123
1431,640625	-30,851198
1433,593750	-27,131578
1435,546875	-34,877636
1437,500000	-31,494314
1439,453125	-32,008965
1441,406250	-33,117893
1443,359375	-33,885590
1445,312500	-33,932495
1447,265625	-36,477695
1449,218750	-29,497786
1451,171875	-33,061836
1453,125000	-32,322338
1455,078125	-32,933155
1457,031250	-32,680756
1458,984375	-38,580185
1460,937500	-30,865366
1462,890625	-28,024668
1464,843750	-31,928522
1466,796875	-31,572407
1468,750000	-29,556356
1470,703125	-39,005226
1472,656250	-30,558945
1474,609375	-27,169487
1476,562500	-25,487879
1478,515625	-27,314636
1480,468750	-30,928339
1482,421875	-27,067783
1484,375000	-29,530642
1486,328125	-36,096207
1488,281250	-27,830803
1490,234375	-33,261543
1492,187500	-32,792110
1494,140625	-31,530699
1496,093750	-33,080853
1498,046875	-29,480806
1500,000000	-28,629017
1501,953125	-36,756214
1503,906250	-30,705942
1505,859375	-30,344919
1507,812500	-26,355129
1509,765625	-29,972641
1511,718750	-27,346901
1513,671875	-31,414595
1515,625000	-34,896851
1517,578125	-28,268372
1519,531250	-27,609571
1521,484375	-29,744869
1523,437500	-29,521673
1525,390625	-26,934006
1527,343750	-33,266552
1529,296875	-35,052265
1531,250000	-31,298347
1533,203125	-27,176096
1535,156250	-28,982761
1537,109375	-32,890537
1539,062500	-34,249699
1541,015625	-31,356535
1542,968750	-25,402346
1544,921875	-27,807230
1546,875000	-31,106682
1548,828125	-28,483315
1550,781250	-27,069399
1552,734375	-31,393112
1554,687500	-29,016384
1556,640625	-30,092266
1558,593750	-34,286015
1560,546875	-34,863075
1562,500000	-31,400629
1564,453125	-32,033607
1566,406250	-33,283283
1568,359375	-29,734152
1570,312500	-28,254204
1572,265625	-28,500961
1574,218750	-29,635538
1576,171875	-27,860928
1578,125000	-26,464859
1580,078125	-29,152874
1582,031250	-36,233349
1583,984375	-41,116692
1585,937500	-41,417572
1587,890625	-30,610218
1589,843750	-31,213114
1591,796875	-27,727402
1593,750000	-25,871281
1595,703125	-26,414843
1597,656250	-29,705606
1599,609375	-33,774700
1601,562500	-32,002502
1603,515625	-32,198166
1605,468750	-35,365795
1607,421875	-26,445250
1609,375000	-30,859011
1611,328125	-25,354733
1613,281250	-32,579578
1615,234375	-28,257969
1617,187500	-30,808964
1619,140625	-29,929489
1621,093750	-30,363289
1623,046875	-28,885616
1625,000000	-30,310163
1626,953125	-36,988323
1628,906250	-45,058659
1630,859375	-30,822126
1632,812500	-35,598740
1634,765625	-30,482733
1636,718750	-32,547440
1638,671875	-33,587582
1640,625000	-29,400421
1642,578125	-29,941750
1644,531250	-34,338646
1646,484375	-32,387592
1648,437500	-32,495438
1650,390625	-32,300034
1652,343750	-28,566072
1654,296875	-29,916422
1656,250000	-38,178890
1658,203125	-32,637676
1660,156250	-40,729649
1662,109375	-31,368193
1664,062500	-28,308882
1666,015625	-28,379232
1667,968750	-29,300365
1669,921875	-31,620060
1671,875000	-31,992529
1673,828125	-33,309540
1675,781250	-25,784616
1677,734375	-27,414314
1679,687500	-32,489204
1681,640625	-33,897770
1683,593750	-36,294445
1685,546875	-31,175138
1687,500000	-32,943699
1689,453125	-28,318045
1691,406250	-29,971664
1693,359375	-28,346687
1695,312500	-29,885416
1697,265625	-30,974773
1699,218750	-45,567020
1701,171875	-29,870380
1703,125000	-27,873026
1705,078125	-29,986618
1707,031250	-29,598974
1708,984375	-33,435535
1710,937500	-32,833385
1712,890625	-28,896662
1714,843750	-28,493696
1716,796875	-30,012152
1718,750000	-28,656506
1720,703125	-26,840115
1722,656250	-30,545336
1724,609375	-26,412289
1726,562500	-33,344151
1728,515625	-30,975807
1730,468750	-30,926773
1732,421875	-39,018574
1734,375000	-31,448574
1736,328125	-28,201696
1738,281250	-26,929914
1740,234375	-26,365196
1742,187500	-30,121037
1744,140625	-41,082794
1746,093750	-29,975861
1748,046875	-29,164413
1750,000000	-35,813286
1751,953125	-27,976778
1753,906250	-30,388500
1755,859375	-27,859423
1757,812500	-30,220421
1759,765625	-31,246620
1761,718750	-28,976284
1763,671875	-31,712379
1765,625000	-40,806713
1767,578125	-38,723324
1769,531250	-33,729179
1771,484375	-28,273666
1773,437500	-29,404774
1775,390625	-37,009075
1777,343750	-36,730652
1779,296875	-39,943932
1781,250000	-30,650101
1783,203125	-26,148415
1785,156250	-32,288101
1787,109375	-28,485731
1789,062500	-31,409130
1791,015625	-32,346722
1792,968750	-29,809561
1794,921875	-31,877146
1796,875000	-29,880306
1798,828125	-29,310072
1800,781250	-30,697901
1802,734375	-27,801872
1804,687500	-26,836361
1806,640625	-30,009184
1808,593750	-32,691223
1810,546875	-30,078852
1812,500000	-26,479527
1814,453125	-26,493177
1816,406250	-27,917805
1818,359375	-31,619165
1820,312500	-31,372993
1822,265625	-32,722759
1824,218750	-41,200245
1826,171875	-33,605469
1828,125000	-27,724800
1830,078125	-31,334848
1832,031250	-33,794422
1833,984375	-36,526405
1835,937500	-34,240376
1837,890625	-29,310560
1839,843750	-30,985033
1841,796875	-34,804024
1843,750000	-29,836161
1845,703125	-26,487841
1847,656250	-24,920599
1849,609375	-26,726095
1851,562500	-28,003189
1853,515625	-35,072548
1855,468750	-36,652073
1857,421875	-33,972435
1859,375000	-31,616638
1861,328125	-32,601528
1863,281250	-33,234684
1865,234375	-36,773205
1867,187500	-37,795101
1869,140625	-28,157383
1871,093750	-26,728901
1873,046875	-30,211790
1875,000000	-35,717594
1876,953125	-29,496471
1878,906250	-27,131233
1880,859375	-34,748714
1882,812500	-28,967901
1884,765625	-28,994125
1886,718750	-36,661728
1888,671875	-31,382389
1890,625000	-30,778296
1892,578125	-31,024847
1894,531250	-35,174999
1896,484375	-35,141693
1898,437500	-34,320847
1900,390625	-29,806105
1902,343750	-27,374857
1904,296875	-26,712170
1906,250000	-26,555225
1908,203125	-29,138418
1910,156250	-28,149883
1912,109375	-27,348442
1914,062500	-32,436733
1916,015625	-28,417471
1917,968750	-35,671165
1919,921875	-33,492031
1921,875000	-30,812107
1923,828125	-29,107782
1925,781250	-26,170410
1927,734375	-26,988985
1929,687500	-30,907434
1931,640625	-26,821024
1933,593750	-28,651745
1935,546875	-28,248674
1937,500000	-26,597097
1939,453125	-28,251070
1941,406250	-27,774632
1943,359375	-34,190002
1945,312500	-26,289289
1947,265625	-27,210756
1949,218750	-30,129276
1951,171875	-34,192261
1953,125000	-33,974953
1955,078125	-43,473095
1957,031250	-34,448502
1958,984375	-37,416679
1960,937500	-28,896803
1962,890625	-26,221514
1964,843750	-26,501942
1966,796875	-32,689529
1968,750000	-31,167261
1970,703125	-29,677708
1972,656250	-32,229179
1974,609375	-29,595037
1976,562500	-31,082010
1978,515625	-32,822491
1980,468750	-34,591953
1982,421875	-37,452225
1984,375000	-33,486259
1986,328125	-30,086313
1988,281250	-30,426346
1990,234375	-45,226158
1992,187500	-32,247917
1994,140625	-31,282961
1996,093750	-42,925190
1998,046875	-32,024319
2000,000000	-30,824196
2001,953125	-32,539749
2003,906250	-33,557911
2005,859375	-27,538523
2007,812500	-29,312683
2009,765625	-32,749237
2011,718750	-32,907467
2013,671875	-27,533304
2015,625000	-31,225266
2017,578125	-35,733437
2019,531250	-33,875404
2021,484375	-31,581238
2023,437500	-33,691540
2025,390625	-34,992828
2027,343750	-34,269058
2029,296875	-26,256399
2031,250000	-33,131332
2033,203125	-36,110447
2035,156250	-30,468348
2037,109375	-27,975803
2039,062500	-29,809916
2041,015625	-24,866585
2042,968750	-26,396538
2044,921875	-32,875328
2046,875000	-33,102085
2048,828125	-26,456234
2050,781250	-26,339241
2052,734375	-29,005939
2054,687500	-26,029139
2056,640625	-34,080620
2058,593750	-29,777411
2060,546875	-27,721270
2062,500000	-29,974752
2064,453125	-28,701630
2066,406250	-31,126749
2068,359375	-33,282421
2070,312500	-27,139975
2072,265625	-30,118296
2074,218750	-35,583435
2076,171875	-34,286358
2078,125000	-30,295002
2080,078125	-28,419233
2082,031250	-38,624481
2083,984375	-27,793764
2085,937500	-27,581453
2087,890625	-28,137161
2089,843750	-32,426479
2091,796875	-33,399620
2093,750000	-29,520994
2095,703125	-30,333467
2097,656250	-27,288359
2099,609375	-29,264179
2101,562500	-31,829151
2103,515625	-31,388222
2105,468750	-30,772938
2107,421875	-32,894402
2109,375000	-32,980125
2111,328125	-28,510698
2113,281250	-28,804358
2115,234375	-36,029652
2117,187500	-29,992661
2119,140625	-27,257504
2121,093750	-28,491280
2123,046875	-36,564262
2125,000000	-33,821400
2126,953125	-28,520117
2128,906250	-29,118116
2130,859375	-30,178217
2132,812500	-26,753334
2134,765625	-25,928825
2136,718750	-28,042099
2138,671875	-27,149130
2140,625000	-27,817005
2142,578125	-31,113167
2144,531250	-32,455402
2146,484375	-27,784382
2148,437500	-29,593107
2150,390625	-29,390987
2152,343750	-29,829268
2154,296875	-32,646805
2156,250000	-28,430435
2158,203125	-30,268639
2160,156250	-30,045355
2162,109375	-27,731792
2164,062500	-32,775047
2166,015625	-30,844255
2167,968750	-34,561680
2169,921875	-36,102581
2171,875000	-30,748323
2173,828125	-35,718933
2175,781250	-29,990114
2177,734375	-32,744110
2179,687500	-32,476463
2181,640625	-38,843319
2183,593750	-31,456339
2185,546875	-29,071148
2187,500000	-25,046312
2189,453125	-26,899773
2191,406250	-37,034534
2193,359375	-31,845842
2195,312500	-30,201605
2197,265625	-34,973164
2199,218750	-34,315815
2201,171875	-28,617748
2203,125000	-26,253946
2205,078125	-28,502783
2207,031250	-37,979950
2208,984375	-37,559917
2210,937500	-36,164303
2212,890625	-36,546741
2214,843750	-30,416025
2216,796875	-30,315687
2218,750000	-32,701054
2220,703125	-34,172478
2222,656250	-31,511486
2224,609375	-27,735163
2226,562500	-33,707268
2228,515625	-30,047520
2230,468750	-31,111219
2232,421875	-27,534649
2234,375000	-28,749079
2236,328125	-32,830551
2238,281250	-27,323952
2240,234375	-26,508142
2242,187500	-29,032988
2244,140625	-33,668343
2246,093750	-34,086281
2248,046875	-32,741772
2250,000000	-29,792990
2251,953125	-28,265776
2253,906250	-26,669750
2255,859375	-29,363462
2257,812500	-32,700974
2259,765625	-31,015247
2261,718750	-31,801590
2263,671875	-26,011610
2265,625000	-29,388355
2267,578125	-26,986799
2269,531250	-30,476089
2271,484375	-34,667564
2273,437500	-32,724224
2275,390625	-30,197721
2277,343750	-27,149845
2279,296875	-31,227888
2281,250000	-30,110792
2283,203125	-32,379139
2285,156250	-31,887455
2287,109375	-38,098690
2289,062500	-28,132389
2291,015625	-32,601395
2292,968750	-33,969872
2294,921875	-33,892212
2296,875000	-33,802876
2298,828125	-27,663469
2300,781250	-31,053003
2302,734375	-34,038158
2304,687500	-26,665030
2306,640625	-26,503843
2308,593750	-29,247055
2310,546875	-27,393538
2312,500000	-33,133640
2314,453125	-37,414654
2316,406250	-31,592194
2318,359375	-29,108120
2320,312500	-26,659044
2322,265625	-23,351557
2324,218750	-25,845722
2326,171875	-30,097380
2328,125000	-28,903843
2330,078125	-33,144054
2332,031250	-31,917740
2333,984375	-23,617851
2335,937500	-26,769560
2337,890625	-36,785118
2339,843750	-33,812431
2341,796875	-36,073685
2343,750000	-29,859676
2345,703125	-27,978834
2347,656250	-27,291649
2349,609375	-25,394953
2351,562500	-25,692451
2353,515625	-29,141632
2355,468750	-30,241995
2357,421875	-35,672165
2359,375000	-33,511940
2361,328125	-31,428316
2363,281250	-33,898998
2365,234375	-32,766933
2367,187500	-27,538179
2369,140625	-26,727526
2371,093750	-33,883808
2373,046875	-31,208794
2375,000000	-31,263523
2376,953125	-27,449253
2378,906250	-31,372812
2380,859375	-31,026842
2382,812500	-31,650492
2384,765625	-31,382967
2386,718750	-32,193043
2388,671875	-33,032433
2390,625000	-31,743179
2392,578125	-35,627960
2394,531250	-28,993750
2396,484375	-28,988060
2398,437500	-30,270433
2400,390625	-28,400513
2402,343750	-32,368759
2404,296875	-40,483448
2406,250000	-35,408730
2408,203125	-31,446005
2410,156250	-31,640039
2412,109375	-28,659576
2414,062500	-29,930166
2416,015625	-30,261272
2417,968750	-29,721254
2419,921875	-30,599819
2421,875000	-31,022985
2423,828125	-30,687386
2425,781250	-29,768314
2427,734375	-31,785070
2429,687500	-27,920828
2431,640625	-31,252779
2433,593750	-33,700123
2435,546875	-26,469622
2437,500000	-24,120621
2439,453125	-25,689196
2441,406250	-27,175095
2443,359375	-37,982243
2445,312500	-28,479843
2447,265625	-24,428669
2449,218750	-27,314604
2451,171875	-29,884041
2453,125000	-28,599581
2455,078125	-26,518066
2457,031250	-29,961597
2458,984375	-35,666126
2460,937500	-31,321417
2462,890625	-29,916227
2464,843750	-30,596735
2466,796875	-33,174976
2468,750000	-26,704487
2470,703125	-22,978024
2472,656250	-29,855803
2474,609375	-35,328327
2476,562500	-28,319103
2478,515625	-31,063560
2480,468750	-27,195660
2482,421875	-27,854376
2484,375000	-25,337740
2486,328125	-28,215483
2488,281250	-27,090384
2490,234375	-29,974316
2492,187500	-32,432259
2494,140625	-32,520275
2496,093750	-31,088793
2498,046875	-31,370430
2500,000000	-26,517485
2501,953125	-33,197453
2503,906250	-32,818939
2505,859375	-34,667076
2507,812500	-28,731329
2509,765625	-26,746525
2511,718750	-24,956163
2513,671875	-30,734217
2515,625000	-29,527237
2517,578125	-30,317728
2519,531250	-29,699038
2521,484375	-29,392036
2523,437500	-31,309036
2525,390625	-32,997356
2527,343750	-29,122063
2529,296875	-27,782433
2531,250000	-30,013281
2533,203125	-35,940239
2535,156250	-30,283472
2537,109375	-28,177294
2539,062500	-28,770021
2541,015625	-29,225061
2542,968750	-30,601334
2544,921875	-29,132496
2546,875000	-26,902758
2548,828125	-29,697090
2550,781250	-33,394646
2552,734375	-29,545088
2554,687500	-27,993553
2556,640625	-37,402298
2558,593750	-34,920349
2560,546875	-30,045668
2562,500000	-26,316229
2564,453125	-27,406317
2566,406250	-29,569855
2568,359375	-34,276661
2570,312500	-31,606014
2572,265625	-34,493046
2574,218750	-35,178082
2576,171875	-29,383633
2578,125000	-26,834213
2580,078125	-28,844603
2582,031250	-30,692381
2583,984375	-29,695093
2585,937500	-29,770102
2587,890625	-35,420425
2589,843750	-28,927328
2591,796875	-27,237295
2593,750000	-31,652956
2595,703125	-32,458961
2597,656250	-28,251623
2599,609375	-25,985415
2601,562500	-26,072149
2603,515625	-28,470640
2605,468750	-27,463427
2607,421875	-33,408844
2609,375000	-28,871275
2611,328125	-27,227682
2613,281250	-28,353037
2615,234375	-26,236092
2617,187500	-25,252520
2619,140625	-31,248398
2621,093750	-35,804592
2623,046875	-32,521702
2625,000000	-27,582787
2626,953125	-28,937588
2628,906250	-31,571791
2630,859375	-27,957779
2632,812500	-27,452673
2634,765625	-26,847103
2636,718750	-34,349751
2638,671875	-34,092747
2640,625000	-33,306580
2642,578125	-26,656443
2644,531250	-24,714273
2646,484375	-31,333986
2648,437500	-34,941788
2650,390625	-34,129616
2652,343750	-27,975315
2654,296875	-32,340538
2656,250000	-32,324112
2658,203125	-30,050596
2660,156250	-27,266256
2662,109375	-28,635883
2664,062500	-29,246458
2666,015625	-25,264315
2667,968750	-31,627300
2669,921875	-29,427139
2671,875000	-30,148014
2673,828125	-28,194977
2675,781250	-29,520002
2677,734375	-32,045040
2679,687500	-31,895807
2681,640625	-28,290586
2683,593750	-32,900635
2685,546875	-27,287682
2687,500000	-29,121984
2689,453125	-27,301273
2691,406250	-32,722729
2693,359375	-30,168365
2695,312500	-30,416700
2697,265625	-29,643951
2699,218750	-25,781250
2701,171875	-26,496241
2703,125000	-35,746704
2705,078125	-35,985588
2707,031250	-29,600224
2708,984375	-29,130882
2710,937500	-25,936129
2712,890625	-29,316389
2714,843750	-30,098665
2716,796875	-30,320995
2718,750000	-26,939934
2720,703125	-29,157785
2722,656250	-29,210695
2724,609375	-31,525574
2726,562500	-31,413471
2728,515625	-28,100897
2730,468750	-35,930138
2732,421875	-29,987041
2734,375000	-34,616226
2736,328125	-29,394453
2738,281250	-31,704205
2740,234375	-34,755127
2742,187500	-41,532967
2744,140625	-30,226271
2746,093750	-28,434124
2748,046875	-29,740358
2750,000000	-32,022366
2751,953125	-31,841213
2753,906250	-31,966406
2755,859375	-28,660566
2757,812500	-29,109047
2759,765625	-27,918978
2761,718750	-28,500261
2763,671875	-33,211010
2765,625000	-32,697796
2767,578125	-29,693869
2769,531250	-31,251585
2771,484375	-28,723274
2773,437500	-31,890692
2775,390625	-32,779072
2777,343750	-30,526840
2779,296875	-28,699245
2781,250000	-26,912800
2783,203125	-27,377439
2785,156250	-23,374285
2787,109375	-30,057110
2789,062500	-26,923351
2791,015625	-26,273149
2792,968750	-27,648737
2794,921875	-30,272322
2796,875000	-28,636898
2798,828125	-29,692938
2800,781250	-30,247192
2802,734375	-36,304390
2804,687500	-30,690256
2806,640625	-27,167328
2808,593750	-28,843119
2810,546875	-30,574930
2812,500000	-27,285641
2814,453125	-35,234550
2816,406250	-33,646111
2818,359375	-31,502371
2820,312500	-34,383057
2822,265625	-32,847408
2824,218750	-29,114689
2826,171875	-30,031847
2828,125000	-28,799990
2830,078125	-27,118109
2832,031250	-34,184036
2833,984375	-29,607475
2835,937500	-30,377829
2837,890625	-34,407162
2839,843750	-30,262432
2841,796875	-28,915478
2843,750000	-31,058384
2845,703125	-31,475990
2847,656250	-27,448576
2849,609375	-33,927395
2851,562500	-35,262810
2853,515625	-29,979284
2855,468750	-29,918619
2857,421875	-28,719402
2859,375000	-29,453072
2861,328125	-32,823586
2863,281250	-30,516439
2865,234375	-30,678677
2867,187500	-29,896461
2869,140625	-33,715729
2871,093750	-34,341209
2873,046875	-27,144722
2875,000000	-31,639023
2876,953125	-29,095716
2878,906250	-29,462385
2880,859375	-38,503544
2882,812500	-28,711620
2884,765625	-27,852627
2886,718750	-28,299273
2888,671875	-35,686684
2890,625000	-31,019863
2892,578125	-26,796486
2894,531250	-26,161367
2896,484375	-29,233429
2898,437500	-27,834841
2900,390625	-31,399899
2902,343750	-30,609312
2904,296875	-27,941589
2906,250000	-28,689133
2908,203125	-35,249832
2910,156250	-40,313210
2912,109375	-33,126801
2914,062500	-30,419327
2916,015625	-30,639887
2917,968750	-28,929234
2919,921875	-27,250029
2921,875000	-30,033379
2923,828125	-34,177387
2925,781250	-31,512215
2927,734375	-28,047230
2929,687500	-29,822048
2931,640625	-42,529514
2933,593750	-27,592833
2935,546875	-29,751810
2937,500000	-27,939375
2939,453125	-27,977472
2941,406250	-28,793930
2943,359375	-23,450495
2945,312500	-25,587032
2947,265625	-28,792234
2949,218750	-28,983938
2951,171875	-30,928953
2953,125000	-31,655157
2955,078125	-29,844929
2957,031250	-29,104769
2958,984375	-33,286133
2960,937500	-29,236523
2962,890625	-29,042339
2964,843750	-32,198204
2966,796875	-32,953682
2968,750000	-30,775297
2970,703125	-31,035408
2972,656250	-36,574509
2974,609375	-33,347816
2976,562500	-30,949978
2978,515625	-32,420574
2980,468750	-25,178020
2982,421875	-26,748983
2984,375000	-29,997524
2986,328125	-31,016148
2988,281250	-36,874252
2990,234375	-35,219784
2992,187500	-33,252178
2994,140625	-30,017342
2996,093750	-28,324869
2998,046875	-28,792126
3000,000000	-27,451899
3001,953125	-28,769579
3003,906250	-26,625788
3005,859375	-25,321709
3007,812500	-28,938931
3009,765625	-29,726368
3011,718750	-32,039574
3013,671875	-30,615625
3015,625000	-30,179659
3017,578125	-29,647009
3019,531250	-32,027294
3021,484375	-31,198618
3023,437500	-32,450607
3025,390625	-41,575294
3027,343750	-32,695454
3029,296875	-29,547869
3031,250000	-30,239758
3033,203125	-30,309566
3035,156250	-27,881693
3037,109375	-30,665195
3039,062500	-31,645433
3041,015625	-29,358591
3042,968750	-31,332167
3044,921875	-33,393234
3046,875000	-35,539906
3048,828125	-32,148315
3050,781250	-31,830988
3052,734375	-28,717335
3054,687500	-32,636639
3056,640625	-33,463238
3058,593750	-31,837805
3060,546875	-30,351263
3062,500000	-33,568096
3064,453125	-29,838408
3066,406250	-29,401459
3068,359375	-27,093958
3070,312500	-29,820436
3072,265625	-28,900238
3074,218750	-32,546158
3076,171875	-28,251020
3078,125000	-27,427271
3080,078125	-33,948307
3082,031250	-34,655209
3083,984375	-29,968126
3085,937500	-35,419521
3087,890625	-42,175598
3089,843750	-28,714201
3091,796875	-27,359093
3093,750000	-28,360943
3095,703125	-27,036440
3097,656250	-30,600128
3099,609375	-28,743532
3101,562500	-27,833090
3103,515625	-27,616173
3105,468750	-26,875481
3107,421875	-27,228773
3109,375000	-27,683338
3111,328125	-33,306465
3113,281250	-31,321514
3115,234375	-30,512100
3117,187500	-29,869890
3119,140625	-27,071339
3121,093750	-24,445173
3123,046875	-26,026623
3125,000000	-37,345093
3126,953125	-29,071083
3128,906250	-29,789198
3130,859375	-33,096119
3132,812500	-31,288942
3134,765625	-30,125387
3136,718750	-35,198944
3138,671875	-30,629137
3140,625000	-32,099838
3142,578125	-35,874111
3144,531250	-28,880747
3146,484375	-26,525881
3148,437500	-28,882498
3150,390625	-34,012566
3152,343750	-28,576498
3154,296875	-28,578127
3156,250000	-26,631613
3158,203125	-40,721760
3160,156250	-31,548752
3162,109375	-33,281746
3164,062500	-27,640387
3166,015625	-26,191042
3167,968750	-26,884192
3169,921875	-27,711960
3171,875000	-27,017550
3173,828125	-29,348108
3175,781250	-24,499746
3177,734375	-26,593754
3179,687500	-25,246519
3181,640625	-29,660917
3183,593750	-29,470270
3185,546875	-31,536201
3187,500000	-32,836224
3189,453125	-31,367172
3191,406250	-29,907026
3193,359375	-33,191498
3195,312500	-26,102694
3197,265625	-28,056677
3199,218750	-29,525795
3201,171875	-33,147873
3203,125000	-30,325388
3205,078125	-28,927383
3207,031250	-30,962635
3208,984375	-31,190353
3210,937500	-31,331394
3212,890625	-30,407549
3214,843750	-31,911808
3216,796875	-30,426914
3218,750000	-31,960413
3220,703125	-28,724146
3222,656250	-25,758854
3224,609375	-27,713644
3226,562500	-29,468733
3228,515625	-30,592726
3230,468750	-29,732058
3232,421875	-25,996084
3234,375000	-24,590822
3236,328125	-26,891985
3238,281250	-29,711523
3240,234375	-31,730610
3242,187500	-32,500854
3244,140625	-37,183418
3246,093750	-34,069023
3248,046875	-32,278080
3250,000000	-34,110207
3251,953125	-30,698259
3253,906250	-26,303679
3255,859375	-27,957327
3257,812500	-29,322227
3259,765625	-29,532600
3261,718750	-29,486759
3263,671875	-28,360497
3265,625000	-24,851694
3267,578125	-29,909304
3269,531250	-34,725872
3271,484375	-31,679323
3273,437500	-30,161707
3275,390625	-29,123623
3277,343750	-30,363674
3279,296875	-28,016964
3281,250000	-25,006962
3283,203125	-27,726152
3285,156250	-26,107840
3287,109375	-28,654152
3289,062500	-25,023409
3291,015625	-27,524393
3292,968750	-31,363503
3294,921875	-29,648670
3296,875000	-31,508692
3298,828125	-31,153631
3300,781250	-29,233049
3302,734375	-32,661804
3304,687500	-33,572392
3306,640625	-32,976276
3308,593750	-30,437714
3310,546875	-31,786442
3312,500000	-32,831608
3314,453125	-27,595716
3316,406250	-35,320454
3318,359375	-34,627922
3320,312500	-29,905052
3322,265625	-26,672422
3324,218750	-25,992256
3326,171875	-24,889334
3328,125000	-25,694160
3330,078125	-30,225540
3332,031250	-28,607985
3333,984375	-27,829811
3335,937500	-28,338871
3337,890625	-31,600447
3339,843750	-36,160297
3341,796875	-38,293648
3343,750000	-45,058125
3345,703125	-37,452488
3347,656250	-31,454205
3349,609375	-30,208824
3351,562500	-31,566830
3353,515625	-43,901608
3355,468750	-31,566412
3357,421875	-29,266926
3359,375000	-29,660990
3361,328125	-25,579889
3363,281250	-28,350197
3365,234375	-39,641884
3367,187500	-35,054577
3369,140625	-32,175095
3371,093750	-30,349901
3373,046875	-39,341785
3375,000000	-34,597809
3376,953125	-38,281910
3378,906250	-31,799770
3380,859375	-34,843254
3382,812500	-23,634354
3384,765625	-25,114544
3386,718750	-34,350533
3388,671875	-33,039658
3390,625000	-33,793674
3392,578125	-40,671860
3394,531250	-31,314247
3396,484375	-29,537672
3398,437500	-31,836443
3400,390625	-31,216911
3402,343750	-33,571270
3404,296875	-27,568329
3406,250000	-28,301840
3408,203125	-30,304644
3410,156250	-27,309267
3412,109375	-29,873770
3414,062500	-32,296867
3416,015625	-29,912771
3417,968750	-31,109749
3419,921875	-37,874332
3421,875000	-35,433357
3423,828125	-31,394253
3425,781250	-31,670023
3427,734375	-34,157429
3429,687500	-32,211678
3431,640625	-31,634052
3433,593750	-27,017677
3435,546875	-27,705130
3437,500000	-38,325901
3439,453125	-34,613567
3441,406250	-31,731220
3443,359375	-36,359421
3445,312500	-36,972443
3447,265625	-31,587824
3449,218750	-28,786047
3451,171875	-25,996815
3453,125000	-26,719191
3455,078125	-29,927486
3457,031250	-28,250870
3458,984375	-28,931070
3460,937500	-32,071404
3462,890625	-35,256672
3464,843750	-32,632332
3466,796875	-26,353607
3468,750000	-24,585146
3470,703125	-25,399881
3472,656250	-29,535015
3474,609375	-29,420525
3476,562500	-28,773447
3478,515625	-27,413443
3480,468750	-27,015669
3482,421875	-34,471054
3484,375000	-35,942486
3486,328125	-32,521988
3488,281250	-30,941990
3490,234375	-31,977570
3492,187500	-26,332907
3494,140625	-26,578585
3496,093750	-30,330336
3498,046875	-27,119951
3500,000000	-29,161530
3501,953125	-28,303732
3503,906250	-28,884392
3505,859375	-34,788231
3507,812500	-29,950804
3509,765625	-30,650106
3511,718750	-28,060673
3513,671875	-26,352201
3515,625000	-25,204836
3517,578125	-29,332699
3519,531250	-32,810635
3521,484375	-27,312721
3523,437500	-27,989573
3525,390625	-33,390285
3527,343750	-27,566904
3529,296875	-30,703722
3531,250000	-36,853245
3533,203125	-46,721836
3535,156250	-40,072037
3537,109375	-33,318291
3539,062500	-28,820337
3541,015625	-31,621510
3542,968750	-35,481373
3544,921875	-36,313782
3546,875000	-28,797163
3548,828125	-27,348448
3550,781250	-30,165771
3552,734375	-38,272556
3554,687500	-33,448563
3556,640625	-32,172340
3558,593750	-32,234703
3560,546875	-25,231701
3562,500000	-24,335043
3564,453125	-24,468616
3566,406250	-23,996586
3568,359375	-24,242634
3570,312500	-27,388023
3572,265625	-32,819023
3574,218750	-35,067455
3576,171875	-39,877541
3578,125000	-32,247986
3580,078125	-32,070763
3582,031250	-32,492405
3583,984375	-31,543135
3585,937500	-32,260582
3587,890625	-27,369585
3589,843750	-29,287436
3591,796875	-32,172295
3593,750000	-30,046474
3595,703125	-30,144859
3597,656250	-32,388023
3599,609375	-32,561008
3601,562500	-30,424858
3603,515625	-33,736504
3605,468750	-32,632072
3607,421875	-27,688030
3609,375000	-25,664740
3611,328125	-23,022820
3613,281250	-22,345098
3615,234375	-32,811058
3617,187500	-28,376263
3619,140625	-27,120724
3621,093750	-30,723570
3623,046875	-32,335503
3625,000000	-31,987967
3626,953125	-28,894747
3628,906250	-28,122896
3630,859375	-30,452684
3632,812500	-30,556669
3634,765625	-27,470659
3636,718750	-28,034859
3638,671875	-31,379019
3640,625000	-33,725677
3642,578125	-27,890013
3644,531250	-27,997137
3646,484375	-30,970449
3648,437500	-29,497330
3650,390625	-29,567337
3652,343750	-29,239769
3654,296875	-32,931034
3656,250000	-26,998703
3658,203125	-27,253765
3660,156250	-32,846180
3662,109375	-29,213871
3664,062500	-26,339878
3666,015625	-24,556126
3667,968750	-25,054825
3669,921875	-25,299534
3671,875000	-29,361525
3673,828125	-32,656654
3675,781250	-36,350315
3677,734375	-35,821857
3679,687500	-33,500504
3681,640625	-29,725864
3683,593750	-34,447372
3685,546875	-36,974678
3687,500000	-35,379562
3689,453125	-29,749376
3691,406250	-28,008772
3693,359375	-29,854385
3695,312500	-35,027321
3697,265625	-29,042776
3699,218750	-28,842371
3701,171875	-32,719036
3703,125000	-33,423405
3705,078125	-39,081245
3707,031250	-35,160255
3708,984375	-34,073032
3710,937500	-38,194984
3712,890625	-30,929066
3714,843750	-28,108896
3716,796875	-30,271637
3718,750000	-27,511362
3720,703125	-28,897047
3722,656250	-35,177341
3724,609375	-31,557240
3726,562500	-32,091446
3728,515625	-33,785679
3730,468750	-26,077785
3732,421875	-32,342136
3734,375000	-42,324841
3736,328125	-31,043640
3738,281250	-31,129557
3740,234375	-28,964016
3742,187500	-27,553795
3744,140625	-36,098076
3746,093750	-31,017921
3748,046875	-28,849716
3750,000000	-26,329685
3751,953125	-32,484425
3753,906250	-33,843262
3755,859375	-31,568861
3757,812500	-35,681698
3759,765625	-39,326214
3761,718750	-26,474566
3763,671875	-28,388275
3765,625000	-32,353321
3767,578125	-35,740383
3769,531250	-32,913555
3771,484375	-30,707895
3773,437500	-29,468781
3775,390625	-23,876928
3777,343750	-27,076969
3779,296875	-32,253719
3781,250000	-33,274822
3783,203125	-30,237188
3785,156250	-28,799934
3787,109375	-37,948776
3789,062500	-29,150379
3791,015625	-26,553198
3792,968750	-26,646288
3794,921875	-30,247219
3796,875000	-30,504492
3798,828125	-32,232773
3800,781250	-29,497932
3802,734375	-28,271828
3804,687500	-35,111069
3806,640625	-31,107674
3808,593750	-28,156748
3810,546875	-31,403807
3812,500000	-32,160084
3814,453125	-35,038860
3816,406250	-25,533764
3818,359375	-26,828890
3820,312500	-31,619211
3822,265625	-37,349766
3824,218750	-29,189026
3826,171875	-27,724949
3828,125000	-32,410622
3830,078125	-33,395790
3832,031250	-27,573702
3833,984375	-24,590754
3835,937500	-26,507845
3837,890625	-29,407095
3839,843750	-27,045443
3841,796875	-25,167652
3843,750000	-33,546154
3845,703125	-28,782610
3847,656250	-24,646957
3849,609375	-30,259094
3851,562500	-33,474625
3853,515625	-32,498703
3855,468750	-24,699751
3857,421875	-24,050642
3859,375000	-31,363260
3861,328125	-36,284515
3863,281250	-32,650059
3865,234375	-31,221819
3867,187500	-34,285976
3869,140625	-34,239441
3871,093750	-28,279078
3873,046875	-32,622105
3875,000000	-28,721279
3876,953125	-30,433947
3878,906250	-28,961702
3880,859375	-31,957970
3882,812500	-30,629751
3884,765625	-34,688602
3886,718750	-26,953495
3888,671875	-24,820509
3890,625000	-28,750591
3892,578125	-32,365204
3894,531250	-31,091747
3896,484375	-29,218742
3898,437500	-34,285328
3900,390625	-31,790688
3902,343750	-27,986145
3904,296875	-30,094744
3906,250000	-25,922764
3908,203125	-22,700441
3910,156250	-26,172865
3912,109375	-36,484245
3914,062500	-42,034069
3916,015625	-29,162380
3917,968750	-25,775454
3919,921875	-27,562153
3921,875000	-37,076870
3923,828125	-28,715033
3925,781250	-30,777584
3927,734375	-33,885773
3929,687500	-34,514816
3931,640625	-31,332088
3933,593750	-30,953735
3935,546875	-26,760960
3937,500000	-33,733295
3939,453125	-28,063181
3941,406250	-31,834209
3943,359375	-33,253395
3945,312500	-31,056559
3947,265625	-29,991358
3949,218750	-27,080437
3951,171875	-25,846275
3953,125000	-34,082005
3955,078125	-27,959347
3957,031250	-28,169540
3958,984375	-31,701052
3960,937500	-29,172138
3962,890625	-32,854946
3964,843750	-28,627489
3966,796875	-29,794964
3968,750000	-31,006006
3970,703125	-27,745186
3972,656250	-35,973564
3974,609375	-38,184540
3976,562500	-39,423649
3978,515625	-30,555929
3980,468750	-27,268026
3982,421875	-27,484444
3984,375000	-29,953127
3986,328125	-32,593967
3988,281250	-25,087795
3990,234375	-25,424759
3992,187500	-25,917418
3994,140625	-25,210011
3996,093750	-35,883991
3998,046875	-31,079531
