Частота (Гц)	Уровень (дБ)
7.812500	-35.901531
15.625000	-40.546162
23.437500	-30.060955
31.250000	-49.912632
39.062500	-27.867277
46.875000	-25.826540
54.687500	-30.243605
62.500000	-33.217976
70.312500	-26.591534
78.125000	-26.740908
85.937500	-31.994467
93.750000	-29.003122
101.562500	-29.732594
109.375000	-34.030125
117.187500	-32.089863
125.000000	-34.003029
132.812500	-32.503807
140.625000	-28.973783
148.437500	-31.069929
156.250000	-40.885216
164.062500	-37.702984
171.875000	-34.317684
179.687500	-29.975533
187.500000	-25.053549
195.312500	-33.014278
203.125000	-33.234238
210.937500	-24.945244
218.750000	-31.238491
226.562500	-39.920502
234.375000	-36.990166
242.187500	-28.996477
250.000000	-27.427118
257.812500	-43.739662
265.625000	-37.587425
273.437500	-25.149441
281.250000	-26.656982
289.062500	-32.458549
296.875000	-25.491779
304.687500	-23.487160
312.500000	-24.415106
320.312500	-32.276340
328.125000	-28.970087
335.937500	-29.547625
343.750000	-36.835815
351.562500	-35.143017
359.375000	-28.749041
367.187500	-27.987276
375.000000	-28.191940
382.812500	-31.029812
390.625000	-48.311222
398.437500	-32.341637
406.250000	-31.011286
414.062500	-38.423237
421.875000	-29.682232
429.687500	-37.138779
437.500000	-36.847836
445.312500	-38.804028
453.125000	-37.692772
460.937500	-27.483917
468.750000	-29.754679
476.562500	-37.411224
484.375000	-39.515862
492.187500	-52.612774
500.000000	-38.437485
507.812500	-52.104042
515.625000	-36.892967
523.437500	-31.851551
531.250000	-35.324322
539.062500	-40.962841
546.875000	-43.940155
554.687500	-37.832672
562.500000	-42.038170
570.312500	-40.364883
578.125000	-30.936274
585.937500	-28.056717
593.750000	-41.189110
601.562500	-30.050985
609.375000	-29.680891
617.187500	-36.441654
625.000000	-31.462734
632.812500	-28.023947
640.625000	-25.939924
648.437500	-27.890648
656.250000	-30.193983
664.062500	-38.106987
671.875000	-40.974041
679.687500	-48.854595
687.500000	-37.823536
695.312500	-37.117653
703.125000	-30.589380
710.937500	-30.726715
718.750000	-43.268173
726.562500	-31.423754
734.375000	-28.618248
742.187500	-31.454763
750.000000	-30.324434
757.812500	-38.527977
765.625000	-28.910553
773.437500	-30.206503
781.250000	-44.970997
789.062500	-35.080063
796.875000	-47.593346
804.687500	-32.055038
812.500000	-28.632666
820.312500	-45.883850
828.125000	-31.625322
835.937500	-35.358662
843.750000	-39.632099
851.562500	-40.755985
859.375000	-35.635502
867.187500	-35.653736
875.000000	-36.179142
882.812500	-26.986431
890.625000	-29.020025
898.437500	-30.208836
906.250000	-35.500477
914.062500	-39.050518
921.875000	-39.601582
929.687500	-31.008770
937.500000	-38.482834
945.312500	-43.747738
953.125000	-32.365227
960.937500	-29.754620
968.750000	-37.134636
976.562500	-35.710751
984.375000	-26.724657
992.187500	-27.034996
1000.000000	-34.796566
1007.812500	-34.252724
1015.625000	-43.911037
1023.437500	-35.749702
1031.250000	-38.284317
1039.062500	-28.966276
1046.875000	-30.005083
1054.687500	-27.130209
1062.500000	-29.901703
1070.312500	-43.958061
1078.125000	-37.449821
1085.937500	-32.504799
1093.750000	-39.141953
1101.562500	-34.827946
1109.375000	-26.560316
1117.187500	-28.361269
1125.000000	-38.755180
1132.812500	-32.310783
1140.625000	-34.107105
1148.437500	-30.536646
1156.250000	-33.976440
1164.062500	-25.855610
1171.875000	-24.865005
1179.687500	-35.474224
1187.500000	-29.271883
1195.312500	-26.801615
1203.125000	-25.770864
1210.937500	-25.081093
1218.750000	-29.569460
1226.562500	-39.828476
1234.375000	-34.460110
1242.187500	-47.310329
1250.000000	-41.191357
1257.812500	-29.671524
1265.625000	-30.965351
1273.437500	-36.438465
1281.250000	-35.397564
1289.062500	-27.749243
1296.875000	-30.298866
1304.687500	-29.669294
1312.500000	-29.103653
1320.312500	-29.834984
1328.125000	-44.093040
1335.937500	-33.890919
1343.750000	-32.563946
1351.562500	-36.285862
1359.375000	-27.483627
1367.187500	-24.329252
1375.000000	-29.539677
1382.812500	-47.997986
1390.625000	-44.405621
1398.437500	-39.914719
1406.250000	-35.212391
1414.062500	-36.962845
1421.875000	-31.987516
1429.687500	-32.556820
1437.500000	-31.376081
1445.312500	-31.692827
1453.125000	-31.107977
1460.937500	-29.995228
1468.750000	-24.400484
1476.562500	-27.690506
1484.375000	-30.323875
1492.187500	-27.898731
1500.000000	-34.918427
1507.812500	-25.368998
1515.625000	-35.736855
1523.437500	-45.525845
1531.250000	-36.508411
1539.062500	-31.558065
1546.875000	-27.226070
1554.687500	-35.461567
1562.500000	-39.123619
1570.312500	-33.900566
1578.125000	-30.099884
1585.937500	-34.639366
1593.750000	-35.753036
1601.562500	-32.302963
1609.375000	-32.622128
1617.187500	-34.571136
1625.000000	-39.166271
1632.812500	-37.402332
1640.625000	-44.124680
1648.437500	-47.107975
1656.250000	-29.101269
1664.062500	-33.138588
1671.875000	-35.382664
1679.687500	-30.644283
1687.500000	-30.183250
1695.312500	-33.516338
1703.125000	-30.591360
1710.937500	-38.259731
1718.750000	-33.946491
1726.562500	-41.607941
1734.375000	-31.794550
1742.187500	-29.507708
1750.000000	-27.640890
1757.812500	-32.833958
1765.625000	-31.840881
1773.437500	-27.645582
1781.250000	-37.725765
1789.062500	-33.418243
1796.875000	-35.238911
1804.687500	-35.048611
1812.500000	-31.319914
1820.312500	-34.621433
1828.125000	-33.288509
1835.937500	-33.379696
1843.750000	-33.397091
1851.562500	-31.163591
1859.375000	-26.898418
1867.187500	-27.850554
1875.000000	-35.498051
1882.812500	-36.205727
1890.625000	-36.728577
1898.437500	-29.495668
1906.250000	-26.600395
1914.062500	-32.281864
1921.875000	-33.798050
1929.687500	-30.745361
1937.500000	-31.082872
1945.312500	-35.936497
1953.125000	-47.941223
1960.937500	-36.531071
1968.750000	-30.953165
1976.562500	-26.946333
1984.375000	-30.764929
1992.187500	-10.644007
2000.000000	-3.083451
2007.812500	-10.256586
2015.625000	-29.746910
2023.437500	-33.707397
2031.250000	-46.895363
2039.062500	-39.852234
2046.875000	-50.146130
2054.687500	-30.510567
2062.500000	-30.661610
2070.312500	-30.953444
2078.125000	-30.162739
2085.937500	-34.207371
2093.750000	-44.481842
2101.562500	-34.180149
2109.375000	-35.247536
2117.187500	-28.734259
2125.000000	-28.559933
2132.812500	-28.736366
2140.625000	-28.108103
2148.437500	-30.000229
2156.250000	-44.085812
2164.062500	-33.082607
2171.875000	-29.569958
2179.687500	-35.032097
2187.500000	-36.015736
2195.312500	-50.079266
2203.125000	-29.109905
2210.937500	-31.000488
2218.750000	-32.232727
2226.562500	-26.406542
2234.375000	-27.475817
2242.187500	-28.814758
2250.000000	-29.093880
2257.812500	-32.888542
2265.625000	-42.598000
2273.437500	-38.463627
2281.250000	-33.405277
2289.062500	-50.846073
2296.875000	-28.858324
2304.687500	-29.121300
2312.500000	-35.569397
2320.312500	-44.715740
2328.125000	-28.283438
2335.937500	-28.171442
2343.750000	-36.060917
2351.562500	-63.666019
2359.375000	-38.440388
2367.187500	-35.980038
2375.000000	-27.996189
2382.812500	-27.484545
2390.625000	-33.629765
2398.437500	-30.342806
2406.250000	-30.956131
2414.062500	-32.923302
2421.875000	-44.378761
2429.687500	-29.838516
2437.500000	-30.449009
2445.312500	-27.696951
2453.125000	-28.030069
2460.937500	-33.590256
2468.750000	-35.907345
2476.562500	-25.296438
2484.375000	-25.367641
2492.187500	-35.928555
2500.000000	-30.878515
2507.812500	-25.089422
2515.625000	-26.776571
2523.437500	-32.687260
2531.250000	-23.266735
2539.062500	-29.022766
2546.875000	-33.930294
2554.687500	-28.579292
2562.500000	-31.318476
2570.312500	-28.879358
2578.125000	-36.217491
2585.937500	-29.264040
2593.750000	-28.465687
2601.562500	-43.219776
2609.375000	-29.034964
2617.187500	-44.105820
2625.000000	-29.282429
2632.812500	-32.581825
2640.625000	-40.978771
2648.437500	-34.380150
2656.250000	-39.144161
2664.062500	-37.425087
2671.875000	-32.624165
2679.687500	-41.093723
2687.500000	-27.680117
2695.312500	-27.150913
2703.125000	-40.671394
2710.937500	-27.701660
2718.750000	-31.833345
2726.562500	-31.905800
2734.375000	-32.390480
2742.187500	-27.650509
2750.000000	-26.734241
2757.812500	-26.311245
2765.625000	-38.511242
2773.437500	-46.062653
2781.250000	-29.456211
2789.062500	-30.850391
2796.875000	-34.012669
2804.687500	-25.912140
2812.500000	-24.224215
2820.312500	-24.915886
2828.125000	-31.317465
2835.937500	-30.616972
2843.750000	-28.865032
2851.562500	-28.106998
2859.375000	-29.400274
2867.187500	-36.230705
2875.000000	-36.517342
2882.812500	-31.035063
2890.625000	-31.054632
2898.437500	-30.088232
2906.250000	-30.920626
2914.062500	-42.337563
2921.875000	-39.756332
2929.687500	-34.607372
2937.500000	-34.113876
2945.312500	-37.977619
2953.125000	-31.119770
2960.937500	-33.157211
2968.750000	-27.601509
2976.562500	-32.491779
2984.375000	-32.873566
2992.187500	-32.164051
3000.000000	-44.449074
3007.812500	-34.365978
3015.625000	-37.876148
3023.437500	-32.196133
3031.250000	-29.366610
3039.062500	-32.560799
3046.875000	-30.899616
3054.687500	-30.704113
3062.500000	-36.391579
3070.312500	-42.845665
3078.125000	-32.479664
3085.937500	-30.908550
3093.750000	-37.777576
3101.562500	-41.240341
3109.375000	-27.565456
3117.187500	-25.936361
3125.000000	-24.956150
3132.812500	-29.627035
3140.625000	-30.436649
3148.437500	-39.972553
3156.250000	-31.497931
3164.062500	-30.697147
3171.875000	-43.651356
3179.687500	-36.826046
3187.500000	-41.585083
3195.312500	-27.405897
3203.125000	-26.950846
3210.937500	-30.461744
3218.750000	-37.566536
3226.562500	-32.414749
3234.375000	-36.691605
3242.187500	-34.026508
3250.000000	-34.866810
3257.812500	-32.230339
3265.625000	-37.101471
3273.437500	-40.203545
3281.250000	-33.744347
3289.062500	-34.693581
3296.875000	-28.571510
3304.687500	-27.773912
3312.500000	-29.329706
3320.312500	-27.995188
3328.125000	-28.115179
3335.937500	-26.975672
3343.750000	-30.606627
3351.562500	-39.191895
3359.375000	-36.158360
3367.187500	-38.204903
3375.000000	-35.508415
3382.812500	-35.411713
3390.625000	-28.673658
3398.437500	-32.275116
3406.250000	-44.348873
3414.062500	-41.037098
3421.875000	-31.591986
3429.687500	-30.037815
3437.500000	-28.663904
3445.312500	-28.779551
3453.125000	-28.005413
3460.937500	-27.994946
3468.750000	-31.638052
3476.562500	-34.572979
3484.375000	-28.532076
3492.187500	-34.439636
3500.000000	-32.872921
3507.812500	-40.903957
3515.625000	-37.974335
3523.437500	-31.241566
3531.250000	-32.175453
3539.062500	-34.047554
3546.875000	-35.991810
3554.687500	-40.106583
3562.500000	-27.417179
3570.312500	-27.829161
3578.125000	-25.441166
3585.937500	-29.196142
3593.750000	-29.482479
3601.562500	-32.074821
3609.375000	-30.622757
3617.187500	-32.321781
3625.000000	-35.363224
3632.812500	-29.530321
3640.625000	-32.343773
3648.437500	-31.861473
3656.250000	-32.154400
3664.062500	-29.304754
3671.875000	-28.206905
3679.687500	-27.293379
3687.500000	-27.479071
3695.312500	-32.458153
3703.125000	-34.853893
3710.937500	-44.135242
3718.750000	-30.519808
3726.562500	-24.084705
3734.375000	-27.490782
3742.187500	-36.182884
3750.000000	-33.021126
3757.812500	-32.563206
3765.625000	-38.527306
3773.437500	-31.367043
3781.250000	-28.876150
3789.062500	-30.012999
3796.875000	-38.474014
3804.687500	-31.286934
3812.500000	-29.492395
3820.312500	-30.917648
3828.125000	-52.816055
3835.937500	-39.945557
3843.750000	-33.258736
3851.562500	-33.300697
3859.375000	-32.425133
3867.187500	-26.740076
3875.000000	-22.564095
3882.812500	-23.906635
3890.625000	-27.351028
3898.437500	-32.307037
3906.250000	-31.263311
3914.062500	-31.823347
3921.875000	-34.938454
3929.687500	-28.191271
3937.500000	-26.888586
3945.312500	-33.759914
3953.125000	-30.506544
3960.937500	-29.632603
3968.750000	-32.479427
3976.562500	-38.786354
3984.375000	-33.909847
3992.187500	-25.963638
