Частота (Гц)	Уровень (дБ)
1.953125	-39.128719
3.906250	-41.488121
5.859375	-44.294643
7.812500	-45.160362
9.765625	-46.527142
11.718750	-48.943272
13.671875	-34.370060
15.625000	-30.687231
17.578125	-36.051411
19.531250	-34.860188
21.484375	-33.761509
23.437500	-37.450615
25.390625	-38.821629
27.343750	-38.785919
29.296875	-52.744984
31.250000	-34.325165
33.203125	-36.806839
35.156250	-38.434841
37.109375	-32.840809
39.062500	-35.470188
41.015625	-38.707493
42.968750	-50.004791
44.921875	-46.794903
46.875000	-43.265377
48.828125	-40.595966
50.781250	-33.333046
52.734375	-35.505558
54.687500	-42.127304
56.640625	-45.628117
58.593750	-38.562065
60.546875	-44.116993
62.500000	-42.945698
64.453125	-34.064728
66.406250	-31.802485
68.359375	-35.600456
70.312500	-44.286812
72.265625	-35.706409
74.218750	-38.235012
76.171875	-39.961559
78.125000	-38.953949
80.078125	-34.636318
82.031250	-31.981936
83.984375	-37.180271
85.937500	-37.428497
87.890625	-33.544361
89.843750	-38.640110
91.796875	-44.301693
93.750000	-41.659111
95.703125	-40.753731
97.656250	-43.816364
99.609375	-39.898647
101.562500	-43.527721
103.515625	-36.677261
105.468750	-35.341919
107.421875	-38.455826
109.375000	-40.647575
111.328125	-46.294537
113.281250	-68.975311
115.234375	-44.672920
117.187500	-43.128323
119.140625	-41.563782
121.093750	-38.343212
123.046875	-38.339790
125.000000	-42.908665
126.953125	-45.724598
128.906250	-43.614822
130.859375	-40.196617
132.812500	-42.389019
134.765625	-33.988293
136.718750	-33.804039
138.671875	-42.706299
140.625000	-44.969864
142.578125	-48.400829
144.531250	-33.599319
146.484375	-29.520411
148.437500	-38.226242
150.390625	-35.023247
152.343750	-34.119797
154.296875	-37.794579
156.250000	-38.686405
158.203125	-43.895359
160.156250	-45.555630
162.109375	-41.866585
164.062500	-40.169502
166.015625	-34.335850
167.968750	-38.222572
169.921875	-37.520950
171.875000	-36.370216
173.828125	-45.068119
175.781250	-52.542240
177.734375	-39.549175
179.687500	-34.097092
181.640625	-37.882374
183.593750	-37.338989
185.546875	-38.497959
187.500000	-39.519661
189.453125	-35.605278
191.406250	-45.965652
193.359375	-37.425030
195.312500	-40.844578
197.265625	-32.927292
199.218750	-32.366627
201.171875	-35.046360
203.125000	-38.222614
205.078125	-39.650021
207.031250	-36.326256
208.984375	-37.424747
210.937500	-36.047745
212.890625	-42.080696
214.843750	-39.662071
216.796875	-38.919247
218.750000	-41.370674
220.703125	-35.253990
222.656250	-38.506763
224.609375	-38.914604
226.562500	-54.811649
228.515625	-40.557079
230.468750	-37.752548
232.421875	-35.293232
234.375000	-41.637981
236.328125	-37.668152
238.281250	-35.075314
240.234375	-39.573582
242.187500	-33.274155
244.140625	-34.558460
246.093750	-39.930645
248.046875	-50.296558
250.000000	-37.797668
251.953125	-40.152157
253.906250	-37.246151
255.859375	-37.008991
257.812500	-35.283859
259.765625	-36.959175
261.718750	-33.213505
263.671875	-30.871088
265.625000	-32.415405
267.578125	-31.643034
269.531250	-30.581789
271.484375	-34.277863
273.437500	-41.237259
275.390625	-43.857674
277.343750	-39.639042
279.296875	-42.273079
281.250000	-32.137699
283.203125	-36.554333
285.156250	-45.811359
287.109375	-45.124405
289.062500	-44.300797
291.015625	-34.241222
292.968750	-35.020882
294.921875	-37.168507
296.875000	-38.442139
298.828125	-39.865349
300.781250	-43.232811
302.734375	-35.669365
304.687500	-40.082539
306.640625	-38.896046
308.593750	-50.564629
310.546875	-39.343353
312.500000	-39.388241
314.453125	-34.085300
316.406250	-37.225449
318.359375	-41.207298
320.312500	-40.646572
322.265625	-37.705990
324.218750	-43.962475
326.171875	-32.291870
328.125000	-31.969400
330.078125	-38.406212
332.031250	-41.619831
333.984375	-43.849735
335.937500	-40.369289
337.890625	-44.739449
339.843750	-36.176502
341.796875	-36.447449
343.750000	-31.661522
345.703125	-33.934944
347.656250	-40.911667
349.609375	-34.985317
351.562500	-36.543816
353.515625	-39.510071
355.468750	-42.530964
357.421875	-41.224449
359.375000	-47.177834
361.328125	-40.636909
363.281250	-36.890068
365.234375	-37.097256
367.187500	-38.320374
369.140625	-37.711063
371.093750	-44.864243
373.046875	-39.280949
375.000000	-36.104481
376.953125	-33.223755
378.906250	-36.823574
380.859375	-52.459709
382.812500	-43.178913
384.765625	-34.160473
386.718750	-31.102364
388.671875	-39.271637
390.625000	-41.490463
392.578125	-36.774807
394.531250	-43.854736
396.484375	-38.675587
398.437500	-34.021759
400.390625	-37.153610
402.343750	-35.280380
404.296875	-38.953770
406.250000	-49.957813
408.203125	-33.239521
410.156250	-33.668926
412.109375	-33.634392
414.062500	-60.186066
416.015625	-34.819328
417.968750	-37.460674
419.921875	-38.957523
421.875000	-38.803223
423.828125	-40.236790
425.781250	-34.864029
427.734375	-39.910576
429.687500	-46.093822
431.640625	-48.777313
433.593750	-33.815571
435.546875	-39.987186
437.500000	-44.670780
439.453125	-44.166470
441.406250	-38.354336
443.359375	-42.676945
445.312500	-43.415504
447.265625	-37.846893
449.218750	-34.126785
451.171875	-37.244007
453.125000	-45.139275
455.078125	-44.334110
457.031250	-36.885468
458.984375	-34.425510
460.937500	-35.238747
462.890625	-37.878475
464.843750	-39.559578
466.796875	-36.428280
468.750000	-43.965187
470.703125	-41.395466
472.656250	-38.102314
474.609375	-36.953659
476.562500	-42.207821
478.515625	-37.247547
480.468750	-37.539246
482.421875	-38.323448
484.375000	-41.062035
486.328125	-48.904690
488.281250	-43.003738
490.234375	-41.476208
492.187500	-37.369507
494.140625	-40.449844
496.093750	-38.498264
498.046875	-36.592949
500.000000	-38.395958
501.953125	-34.130817
503.906250	-37.537457
505.859375	-38.908596
507.812500	-35.474026
509.765625	-32.935158
511.718750	-52.761696
513.671875	-44.529202
515.625000	-36.076504
517.578125	-37.940292
519.531250	-46.543217
521.484375	-38.009274
523.437500	-36.365120
525.390625	-36.295052
527.343750	-55.155785
529.296875	-37.346668
531.250000	-35.616634
533.203125	-36.357323
535.156250	-34.015408
537.109375	-38.304310
539.062500	-39.996941
541.015625	-34.804077
542.968750	-41.259872
544.921875	-42.065132
546.875000	-34.809658
548.828125	-36.844299
550.781250	-39.372982
552.734375	-28.026176
554.687500	-28.825811
556.640625	-37.522438
558.593750	-51.835331
560.546875	-35.944740
562.500000	-37.584778
564.453125	-43.918461
566.406250	-42.728825
568.359375	-41.837433
570.312500	-40.366550
572.265625	-44.988914
574.218750	-37.403255
576.171875	-36.755051
578.125000	-31.816076
580.078125	-29.435757
582.031250	-31.039146
583.984375	-34.042461
585.937500	-34.331291
587.890625	-39.950062
589.843750	-33.697144
591.796875	-36.057259
593.750000	-32.274834
595.703125	-32.320896
597.656250	-52.547409
599.609375	-41.438728
601.562500	-42.584145
603.515625	-34.861622
605.468750	-38.790802
607.421875	-35.663574
609.375000	-34.064301
611.328125	-37.693516
613.281250	-43.127060
615.234375	-42.972328
617.187500	-42.018490
619.140625	-33.309109
621.093750	-33.636627
623.046875	-35.173206
625.000000	-42.360977
626.953125	-43.810089
628.906250	-36.865288
630.859375	-35.525162
632.812500	-39.859493
634.765625	-40.753475
636.718750	-41.655724
638.671875	-40.478176
640.625000	-37.846760
642.578125	-35.614086
644.531250	-29.887093
646.484375	-34.375214
648.437500	-47.633797
650.390625	-42.003815
652.343750	-36.499958
654.296875	-33.383358
656.250000	-36.699390
658.203125	-34.604202
660.156250	-36.153023
662.109375	-42.065990
664.062500	-37.132530
666.015625	-37.845478
667.968750	-45.882408
669.921875	-37.621078
671.875000	-35.369106
673.828125	-36.421848
675.781250	-42.744762
677.734375	-33.021370
679.687500	-32.263561
681.640625	-36.962757
683.593750	-41.412090
685.546875	-34.310337
687.500000	-38.366314
689.453125	-42.065632
691.406250	-39.070095
693.359375	-38.528446
695.312500	-36.685368
697.265625	-37.251656
699.218750	-49.422810
701.171875	-37.908802
703.125000	-31.523806
705.078125	-35.830601
707.031250	-39.622040
708.984375	-40.856640
710.937500	-41.217670
712.890625	-30.470087
714.843750	-32.654022
716.796875	-38.153175
718.750000	-43.663315
720.703125	-37.685928
722.656250	-42.482700
724.609375	-44.056862
726.562500	-43.866489
728.515625	-32.190163
730.468750	-36.381062
732.421875	-33.073971
734.375000	-32.779266
736.328125	-38.414124
738.281250	-46.278584
740.234375	-44.243710
742.187500	-33.768551
744.140625	-29.986599
746.093750	-28.158384
748.046875	-33.101582
750.000000	-37.905304
751.953125	-34.785923
753.906250	-36.714001
755.859375	-38.618076
757.812500	-35.843918
759.765625	-37.543510
761.718750	-59.325550
763.671875	-35.720631
765.625000	-36.252995
767.578125	-42.132027
769.531250	-35.398670
771.484375	-39.496040
773.437500	-35.331409
775.390625	-32.316410
777.343750	-36.471146
779.296875	-36.870655
781.250000	-37.121319
783.203125	-41.601608
785.156250	-45.481625
787.109375	-43.816055
789.062500	-37.226048
791.015625	-40.766399
792.968750	-36.532860
794.921875	-38.712147
796.875000	-40.850517
798.828125	-41.525455
800.781250	-35.525867
802.734375	-36.785599
804.687500	-43.582390
806.640625	-43.306652
808.593750	-41.501690
810.546875	-42.916512
812.500000	-41.451897
814.453125	-36.487354
816.406250	-41.889927
818.359375	-36.135036
820.312500	-43.513504
822.265625	-37.477581
824.218750	-40.646233
826.171875	-37.940659
828.125000	-52.989590
830.078125	-44.430565
832.031250	-43.895527
833.984375	-46.000355
835.937500	-45.845127
837.890625	-33.976288
839.843750	-36.676231
841.796875	-37.462616
843.750000	-47.998390
845.703125	-33.685799
847.656250	-31.410175
849.609375	-36.898548
851.562500	-50.618164
853.515625	-47.812370
855.468750	-39.294102
857.421875	-47.782249
859.375000	-33.140911
861.328125	-45.344215
863.281250	-37.795441
865.234375	-44.763123
867.187500	-33.990730
869.140625	-36.478920
871.093750	-43.275928
873.046875	-51.719189
875.000000	-41.454838
876.953125	-47.792862
878.906250	-37.934696
880.859375	-39.967876
882.812500	-43.999294
884.765625	-44.932396
886.718750	-45.173466
888.671875	-42.580677
890.625000	-42.503300
892.578125	-41.520000
894.531250	-36.721989
896.484375	-39.584282
898.437500	-49.551430
900.390625	-39.068481
902.343750	-38.447723
904.296875	-44.778526
906.250000	-40.932571
908.203125	-43.897591
910.156250	-47.093700
912.109375	-43.821442
914.062500	-44.695869
916.015625	-40.308575
917.968750	-31.121626
919.921875	-30.072250
921.875000	-42.071743
923.828125	-47.025532
925.781250	-41.448429
927.734375	-44.703434
929.687500	-39.054100
931.640625	-34.378242
933.593750	-33.301292
935.546875	-33.279728
937.500000	-38.736271
939.453125	-41.104431
941.406250	-37.707203
943.359375	-63.508183
945.312500	-37.181118
947.265625	-31.381916
949.218750	-32.675659
951.171875	-44.030682
953.125000	-44.721737
955.078125	-40.197472
957.031250	-42.186787
958.984375	-42.719879
960.937500	-38.575535
962.890625	-37.121277
964.843750	-40.819664
966.796875	-43.729454
968.750000	-37.807007
970.703125	-36.386700
972.656250	-35.133350
974.609375	-41.634983
976.562500	-40.544670
978.515625	-37.168869
980.468750	-44.268593
982.421875	-37.127357
984.375000	-47.042328
986.328125	-38.221554
988.281250	-40.791656
990.234375	-43.492630
992.187500	-38.319035
994.140625	-42.279522
996.093750	-34.735401
998.046875	-35.873230
1000.000000	-41.737797
1001.953125	-43.051857
1003.906250	-39.122585
1005.859375	-39.423813
1007.812500	-40.355785
1009.765625	-44.634174
1011.718750	-36.432785
1013.671875	-39.681400
1015.625000	-50.891979
1017.578125	-35.840260
1019.531250	-31.007881
1021.484375	-29.874905
1023.437500	-31.053242
1025.390625	-39.798321
1027.343750	-43.488941
1029.296875	-35.170544
1031.250000	-39.173931
1033.203125	-41.545341
1035.156250	-32.505325
1037.109375	-27.095264
1039.062500	-29.785328
1041.015625	-34.693005
1042.968750	-34.949303
1044.921875	-39.908630
1046.875000	-42.767258
1048.828125	-37.020542
1050.781250	-37.182098
1052.734375	-36.340870
1054.687500	-42.288448
1056.640625	-42.092987
1058.593750	-35.367085
1060.546875	-33.931396
1062.500000	-35.436214
1064.453125	-34.793900
1066.406250	-46.360535
1068.359375	-34.491035
1070.312500	-48.689510
1072.265625	-31.947535
1074.218750	-31.148436
1076.171875	-35.389317
1078.125000	-35.872074
1080.078125	-47.139793
1082.031250	-38.348751
1083.984375	-40.665318
1085.937500	-47.598969
1087.890625	-38.182003
1089.843750	-41.022682
1091.796875	-49.920536
1093.750000	-44.033218
1095.703125	-40.181358
1097.656250	-39.388424
1099.609375	-40.685978
1101.562500	-38.407291
1103.515625	-32.692211
1105.468750	-35.602165
1107.421875	-36.733669
1109.375000	-30.760933
1111.328125	-34.276886
1113.281250	-42.390636
1115.234375	-43.885803
1117.187500	-39.890518
1119.140625	-43.892719
1121.093750	-43.985569
1123.046875	-39.137680
1125.000000	-36.755123
1126.953125	-42.179375
1128.906250	-46.683929
1130.859375	-34.579990
1132.812500	-37.181499
1134.765625	-34.009605
1136.718750	-41.029625
1138.671875	-35.844219
1140.625000	-42.049305
1142.578125	-59.509064
1144.531250	-35.398888
1146.484375	-34.034126
1148.437500	-54.050320
1150.390625	-39.112225
1152.343750	-42.312416
1154.296875	-44.451088
1156.250000	-40.698025
1158.203125	-41.205387
1160.156250	-40.889725
1162.109375	-31.488161
1164.062500	-42.860794
1166.015625	-36.438988
1167.968750	-38.077736
1169.921875	-34.501701
1171.875000	-29.917944
1173.828125	-41.783619
1175.781250	-49.838348
1177.734375	-48.378250
1179.687500	-37.434975
1181.640625	-34.175415
1183.593750	-34.937035
1185.546875	-41.306389
1187.500000	-38.526356
1189.453125	-32.776642
1191.406250	-32.050030
1193.359375	-39.326439
1195.312500	-41.901852
1197.265625	-42.512108
1199.218750	-43.769009
1201.171875	-45.536140
1203.125000	-53.048481
1205.078125	-38.738392
1207.031250	-49.658211
1208.984375	-54.311596
1210.937500	-45.131031
1212.890625	-46.105602
1214.843750	-38.113865
1216.796875	-35.412663
1218.750000	-34.354340
1220.703125	-32.841938
1222.656250	-32.269447
1224.609375	-39.705906
1226.562500	-31.547308
1228.515625	-30.132837
1230.468750	-30.401159
1232.421875	-32.984196
1234.375000	-36.802513
1236.328125	-47.794987
1238.281250	-49.177170
1240.234375	-42.418987
1242.187500	-57.945766
1244.140625	-40.741226
1246.093750	-37.470394
1248.046875	-38.913929
1250.000000	-38.970917
1251.953125	-42.297199
1253.906250	-43.902813
1255.859375	-40.877098
1257.812500	-45.388897
1259.765625	-42.568066
1261.718750	-37.006813
1263.671875	-35.396130
1265.625000	-42.981239
1267.578125	-40.495720
1269.531250	-35.220406
1271.484375	-33.238651
1273.437500	-34.845146
1275.390625	-37.832043
1277.343750	-36.967941
1279.296875	-43.806736
1281.250000	-50.919834
1283.203125	-50.326176
1285.156250	-36.309731
1287.109375	-32.484703
1289.062500	-31.979065
1291.015625	-29.569714
1292.968750	-35.297699
1294.921875	-50.218712
1296.875000	-40.248589
1298.828125	-45.028160
1300.781250	-42.194473
1302.734375	-49.302341
1304.687500	-47.103168
1306.640625	-35.751480
1308.593750	-36.035892
1310.546875	-39.724106
1312.500000	-43.625042
1314.453125	-36.850586
1316.406250	-32.072243
1318.359375	-32.932507
1320.312500	-40.891655
1322.265625	-48.077133
1324.218750	-36.419861
1326.171875	-35.596775
1328.125000	-39.689774
1330.078125	-39.369698
1332.031250	-46.239407
1333.984375	-45.386204
1335.937500	-44.359730
1337.890625	-46.177006
1339.843750	-32.854103
1341.796875	-31.622622
1343.750000	-31.913080
1345.703125	-37.761616
1347.656250	-42.039505
1349.609375	-39.966110
1351.562500	-40.607815
1353.515625	-44.887630
1355.468750	-44.483887
1357.421875	-39.403545
1359.375000	-30.314266
1361.328125	-34.867897
1363.281250	-46.091610
1365.234375	-36.362915
1367.187500	-33.568192
1369.140625	-45.910885
1371.093750	-50.230194
1373.046875	-49.217587
1375.000000	-49.501331
1376.953125	-36.931591
1378.906250	-45.719006
1380.859375	-32.053455
1382.812500	-29.729923
1384.765625	-32.673412
1386.718750	-34.045368
1388.671875	-38.462860
1390.625000	-39.572269
1392.578125	-36.558022
1394.531250	-40.212860
1396.484375	-39.380638
1398.437500	-38.895657
1400.390625	-42.403275
1402.343750	-44.817024
1404.296875	-34.899055
1406.250000	-38.458355
1408.203125	-37.812325
1410.156250	-34.401886
1412.109375	-34.781593
1414.062500	-31.711771
1416.015625	-37.458622
1417.968750	-33.594780
1419.921875	-30.447428
1421.875000	-38.565884
1423.828125	-35.541740
1425.781250	-31.874014
1427.734375	-31.973846
1429.687500	-33.675076
1431.640625	-53.845535
1433.593750	-44.704449
1435.546875	-45.704590
1437.500000	-41.954590
1439.453125	-35.995846
1441.406250	-36.235695
1443.359375	-38.674160
1445.312500	-40.047058
1447.265625	-44.029350
1449.218750	-45.388264
1451.171875	-41.420105
1453.125000	-44.490456
1455.078125	-53.835518
1457.031250	-42.579170
1458.984375	-35.009789
1460.937500	-35.656658
1462.890625	-39.019070
1464.843750	-32.716587
1466.796875	-32.342842
1468.750000	-37.821720
1470.703125	-40.087597
1472.656250	-36.785046
1474.609375	-35.296268
1476.562500	-32.822197
1478.515625	-35.415596
1480.468750	-34.698112
1482.421875	-38.970158
1484.375000	-38.612881
1486.328125	-35.478901
1488.281250	-47.174824
1490.234375	-40.754299
1492.187500	-43.322559
1494.140625	-41.086250
1496.093750	-55.803707
1498.046875	-43.365364
1500.000000	-37.785683
1501.953125	-37.441250
1503.906250	-46.039429
1505.859375	-40.997448
1507.812500	-45.518593
1509.765625	-39.213367
1511.718750	-32.103115
1513.671875	-40.927273
1515.625000	-33.865082
1517.578125	-30.236727
1519.531250	-33.408470
1521.484375	-34.485161
1523.437500	-30.680529
1525.390625	-30.869070
1527.343750	-39.957848
1529.296875	-36.720341
1531.250000	-32.780281
1533.203125	-32.646786
1535.156250	-35.108021
1537.109375	-40.932205
1539.062500	-45.023422
1541.015625	-43.023510
1542.968750	-34.646618
1544.921875	-45.246754
1546.875000	-44.157532
1548.828125	-40.687443
1550.781250	-30.911232
1552.734375	-32.215649
1554.687500	-40.219231
1556.640625	-37.172043
1558.593750	-33.831928
1560.546875	-40.570225
1562.500000	-42.879349
1564.453125	-41.338013
1566.406250	-39.131710
1568.359375	-40.109844
1570.312500	-36.052731
1572.265625	-42.281822
1574.218750	-37.007725
1576.171875	-36.272343
1578.125000	-38.426208
1580.078125	-37.117439
1582.031250	-34.862488
1583.984375	-36.364811
1585.937500	-36.164974
1587.890625	-34.910469
1589.843750	-29.861189
1591.796875	-31.276337
1593.750000	-37.459332
1595.703125	-38.094013
1597.656250	-40.894459
1599.609375	-46.415512
1601.562500	-40.776340
1603.515625	-42.721493
1605.468750	-50.421185
1607.421875	-38.442326
1609.375000	-34.848663
1611.328125	-31.934317
1613.281250	-38.245556
1615.234375	-37.614479
1617.187500	-37.613804
1619.140625	-40.959389
1621.093750	-34.581280
1623.046875	-34.467831
1625.000000	-40.676720
1626.953125	-46.265099
1628.906250	-38.430840
1630.859375	-32.298817
1632.812500	-37.465031
1634.765625	-41.172176
1636.718750	-47.740211
1638.671875	-42.267982
1640.625000	-35.116028
1642.578125	-35.161346
1644.531250	-40.692654
1646.484375	-42.691212
1648.437500	-38.443573
1650.390625	-51.811104
1652.343750	-43.119614
1654.296875	-41.029869
1656.250000	-36.552979
1658.203125	-36.787079
1660.156250	-34.742527
1662.109375	-33.877678
1664.062500	-41.543621
1666.015625	-41.430656
1667.968750	-35.599167
1669.921875	-42.060158
1671.875000	-40.119129
1673.828125	-51.887936
1675.781250	-37.589245
1677.734375	-42.599121
1679.687500	-39.176434
1681.640625	-35.756107
1683.593750	-38.383717
1685.546875	-40.920162
1687.500000	-47.161297
1689.453125	-42.355862
1691.406250	-38.420479
1693.359375	-33.632793
1695.312500	-37.122696
1697.265625	-45.928772
1699.218750	-38.149078
1701.171875	-35.228477
1703.125000	-35.330742
1705.078125	-44.786606
1707.031250	-40.370171
1708.984375	-39.817883
1710.937500	-35.595982
1712.890625	-41.005413
1714.843750	-38.911552
1716.796875	-42.446457
1718.750000	-46.102119
1720.703125	-39.784946
1722.656250	-39.730404
1724.609375	-32.636257
1726.562500	-36.191319
1728.515625	-35.039139
1730.468750	-32.618858
1732.421875	-33.659649
1734.375000	-38.033134
1736.328125	-39.300045
1738.281250	-38.163300
1740.234375	-33.359398
1742.187500	-39.360863
1744.140625	-42.509716
1746.093750	-41.045364
1748.046875	-41.573883
1750.000000	-33.578915
1751.953125	-38.144939
1753.906250	-44.603573
1755.859375	-34.129002
1757.812500	-30.965389
1759.765625	-30.903233
1761.718750	-38.478092
1763.671875	-51.815533
1765.625000	-33.528824
1767.578125	-32.997841
1769.531250	-43.433136
1771.484375	-40.761055
1773.437500	-32.662773
1775.390625	-34.076164
1777.343750	-36.652542
1779.296875	-37.136486
1781.250000	-41.079060
1783.203125	-41.584957
1785.156250	-39.905659
1787.109375	-34.458179
1789.062500	-32.845036
1791.015625	-43.378723
1792.968750	-42.634991
1794.921875	-71.223305
1796.875000	-46.348984
1798.828125	-39.526653
1800.781250	-32.193485
1802.734375	-31.355091
1804.687500	-38.830063
1806.640625	-32.934486
1808.593750	-34.257919
1810.546875	-38.799427
1812.500000	-35.286335
1814.453125	-43.286533
1816.406250	-36.879345
1818.359375	-39.131924
1820.312500	-47.956459
1822.265625	-41.777348
1824.218750	-42.794044
1826.171875	-43.759644
1828.125000	-37.251671
1830.078125	-35.941616
1832.031250	-30.774689
1833.984375	-35.681538
1835.937500	-38.787651
1837.890625	-47.338596
1839.843750	-44.330818
1841.796875	-38.983784
1843.750000	-38.462868
1845.703125	-34.649998
1847.656250	-34.778759
1849.609375	-34.294136
1851.562500	-33.046963
1853.515625	-32.471401
1855.468750	-34.481319
1857.421875	-38.950436
1859.375000	-38.951546
1861.328125	-43.063969
1863.281250	-34.601128
1865.234375	-34.382317
1867.187500	-34.609341
1869.140625	-36.099651
1871.093750	-49.715717
1873.046875	-37.887997
1875.000000	-36.379192
1876.953125	-44.513981
1878.906250	-38.175484
1880.859375	-58.828411
1882.812500	-32.162941
1884.765625	-35.032646
1886.718750	-49.392349
1888.671875	-36.503700
1890.625000	-31.751801
1892.578125	-34.146091
1894.531250	-41.680157
1896.484375	-49.147110
1898.437500	-39.150696
1900.390625	-42.517601
1902.343750	-33.045326
1904.296875	-35.026245
1906.250000	-32.951614
1908.203125	-37.360931
1910.156250	-37.393105
1912.109375	-39.584538
1914.062500	-47.695187
1916.015625	-40.647034
1917.968750	-34.364403
1919.921875	-34.714157
1921.875000	-48.189659
1923.828125	-42.000259
1925.781250	-33.525513
1927.734375	-34.867916
1929.687500	-34.656998
1931.640625	-43.743988
1933.593750	-37.540924
1935.546875	-42.313564
1937.500000	-41.099903
1939.453125	-32.149490
1941.406250	-30.771999
1943.359375	-31.118961
1945.312500	-39.277302
1947.265625	-47.301201
1949.218750	-47.439854
1951.171875	-44.953098
1953.125000	-35.877197
1955.078125	-33.513935
1957.031250	-50.920486
1958.984375	-33.299629
1960.937500	-41.536209
1962.890625	-38.212978
1964.843750	-34.708851
1966.796875	-38.489456
1968.750000	-46.779129
1970.703125	-40.704124
1972.656250	-38.596268
1974.609375	-40.777367
1976.562500	-38.648880
1978.515625	-39.749241
1980.468750	-45.273521
1982.421875	-32.155125
1984.375000	-33.556633
1986.328125	-37.868523
1988.281250	-40.055660
1990.234375	-41.851059
1992.187500	-32.422562
1994.140625	-31.323484
1996.093750	-39.030365
1998.046875	-10.264830
2000.000000	-3.070252
2001.953125	-10.645276
2003.906250	-40.773361
2005.859375	-39.827133
2007.812500	-31.156151
2009.765625	-32.254040
2011.718750	-39.904118
2013.671875	-45.964745
2015.625000	-35.587265
2017.578125	-38.828377
2019.531250	-36.347042
2021.484375	-32.612457
2023.437500	-41.535881
2025.390625	-33.942520
2027.343750	-30.437849
2029.296875	-32.531475
2031.250000	-35.050262
2033.203125	-32.524849
2035.156250	-34.415600
2037.109375	-43.402248
2039.062500	-36.126022
2041.015625	-39.305424
2042.968750	-39.142628
2044.921875	-40.982430
2046.875000	-40.962528
2048.828125	-43.243122
2050.781250	-42.918819
2052.734375	-37.110886
2054.687500	-38.349380
2056.640625	-76.902878
2058.593750	-33.332825
2060.546875	-32.365517
2062.500000	-35.911724
2064.453125	-35.502480
2066.406250	-41.192001
2068.359375	-36.848000
2070.312500	-38.285084
2072.265625	-37.099300
2074.218750	-33.098000
2076.171875	-36.341358
2078.125000	-50.592419
2080.078125	-40.392487
2082.031250	-48.768627
2083.984375	-45.618595
2085.937500	-41.416340
2087.890625	-41.515041
2089.843750	-42.218197
2091.796875	-43.880161
2093.750000	-36.511150
2095.703125	-31.176395
2097.656250	-32.093784
2099.609375	-32.510323
2101.562500	-28.920353
2103.515625	-32.571011
2105.468750	-42.911011
2107.421875	-36.468781
2109.375000	-39.372353
2111.328125	-39.813484
2113.281250	-41.067364
2115.234375	-43.045288
2117.187500	-32.567886
2119.140625	-36.230511
2121.093750	-43.052193
2123.046875	-40.820148
2125.000000	-48.198246
2126.953125	-38.543247
2128.906250	-31.973886
2130.859375	-31.140053
2132.812500	-35.987537
2134.765625	-36.554504
2136.718750	-39.865986
2138.671875	-36.618866
2140.625000	-37.486530
2142.578125	-55.997341
2144.531250	-56.134407
2146.484375	-38.243431
2148.437500	-38.467247
2150.390625	-42.410244
2152.343750	-36.194260
2154.296875	-37.009342
2156.250000	-42.285645
2158.203125	-38.896248
2160.156250	-39.811756
2162.109375	-40.785172
2164.062500	-43.702934
2166.015625	-38.675568
2167.968750	-36.262661
2169.921875	-44.717728
2171.875000	-32.611584
2173.828125	-36.425159
2175.781250	-39.501438
2177.734375	-34.863167
2179.687500	-33.403053
2181.640625	-37.949951
2183.593750	-43.464325
2185.546875	-41.128906
2187.500000	-48.677601
2189.453125	-39.714745
2191.406250	-35.231556
2193.359375	-40.843990
2195.312500	-49.591866
2197.265625	-47.794212
2199.218750	-50.042725
2201.171875	-36.160675
2203.125000	-30.889433
2205.078125	-40.742466
2207.031250	-47.178051
2208.984375	-44.452679
2210.937500	-45.606339
2212.890625	-42.121311
2214.843750	-40.987789
2216.796875	-39.716625
2218.750000	-30.245487
2220.703125	-35.194828
2222.656250	-35.716022
2224.609375	-41.582542
2226.562500	-42.161552
2228.515625	-39.619492
2230.468750	-33.557240
2232.421875	-34.229752
2234.375000	-43.226383
2236.328125	-36.770092
2238.281250	-36.288132
2240.234375	-39.575184
2242.187500	-39.559406
2244.140625	-37.623985
2246.093750	-41.005226
2248.046875	-35.700665
2250.000000	-42.320747
2251.953125	-44.227554
2253.906250	-43.702805
2255.859375	-41.681114
2257.812500	-52.755253
2259.765625	-39.860764
2261.718750	-38.030102
2263.671875	-35.271229
2265.625000	-36.704620
2267.578125	-40.590755
2269.531250	-54.726589
2271.484375	-40.406147
2273.437500	-34.362972
2275.390625	-35.784744
2277.343750	-44.614643
2279.296875	-44.921501
2281.250000	-37.836628
2283.203125	-42.776318
2285.156250	-55.719944
2287.109375	-38.212601
2289.062500	-41.074562
2291.015625	-43.971443
2292.968750	-45.490986
2294.921875	-36.048035
2296.875000	-35.042023
2298.828125	-35.834797
2300.781250	-34.915684
2302.734375	-37.258133
2304.687500	-44.473785
2306.640625	-43.787746
2308.593750	-45.036922
2310.546875	-42.814945
2312.500000	-34.803169
2314.453125	-36.091320
2316.406250	-45.548840
2318.359375	-38.757267
2320.312500	-45.357216
2322.265625	-43.116718
2324.218750	-54.367199
2326.171875	-49.653271
2328.125000	-41.980553
2330.078125	-39.293709
2332.031250	-32.840950
2333.984375	-34.760029
2335.937500	-35.681686
2337.890625	-45.569855
2339.843750	-34.157192
2341.796875	-34.977413
2343.750000	-30.026342
2345.703125	-30.706995
2347.656250	-37.619602
2349.609375	-38.974094
2351.562500	-40.134201
2353.515625	-37.709362
2355.468750	-41.464973
2357.421875	-34.492790
2359.375000	-34.477531
2361.328125	-38.978622
2363.281250	-40.756481
2365.234375	-41.966480
2367.187500	-39.658073
2369.140625	-35.500065
2371.093750	-42.409115
2373.046875	-42.210293
2375.000000	-38.603428
2376.953125	-49.371872
2378.906250	-49.999214
2380.859375	-38.050514
2382.812500	-33.737816
2384.765625	-32.150032
2386.718750	-33.982719
2388.671875	-46.471325
2390.625000	-44.111149
2392.578125	-41.681477
2394.531250	-44.566517
2396.484375	-44.842804
2398.437500	-41.078423
2400.390625	-41.136009
2402.343750	-37.262451
2404.296875	-32.075066
2406.250000	-33.191399
2408.203125	-43.241901
2410.156250	-36.999241
2412.109375	-36.986618
2414.062500	-41.948456
2416.015625	-40.972847
2417.968750	-43.835869
2419.921875	-36.991970
2421.875000	-35.308861
2423.828125	-43.634052
2425.781250	-57.282719
2427.734375	-40.597588
2429.687500	-40.325672
2431.640625	-41.918587
2433.593750	-33.577450
2435.546875	-33.304874
2437.500000	-38.833279
2439.453125	-34.244080
2441.406250	-35.273232
2443.359375	-39.153465
2445.312500	-37.293522
2447.265625	-48.199757
2449.218750	-44.912968
2451.171875	-39.399059
2453.125000	-33.699413
2455.078125	-34.567287
2457.031250	-35.590748
2458.984375	-31.799532
2460.937500	-35.963211
2462.890625	-53.886990
2464.843750	-54.859104
2466.796875	-34.167614
2468.750000	-29.979475
2470.703125	-36.766220
2472.656250	-33.791954
2474.609375	-35.500122
2476.562500	-43.737522
2478.515625	-52.208569
2480.468750	-38.860279
2482.421875	-40.147640
2484.375000	-37.686127
2486.328125	-43.854733
2488.281250	-49.945930
2490.234375	-32.903931
2492.187500	-32.536091
2494.140625	-34.561798
2496.093750	-38.422810
2498.046875	-31.449303
2500.000000	-36.312798
2501.953125	-34.143131
2503.906250	-52.091488
2505.859375	-45.682552
2507.812500	-35.125744
2509.765625	-34.353039
2511.718750	-46.477360
2513.671875	-39.950329
2515.625000	-48.418060
2517.578125	-41.055336
2519.531250	-33.323872
2521.484375	-32.211910
2523.437500	-38.714745
2525.390625	-33.514473
2527.343750	-33.823067
2529.296875	-45.620590
2531.250000	-40.416847
2533.203125	-39.932568
2535.156250	-35.622559
2537.109375	-43.617092
2539.062500	-33.988434
2541.015625	-34.495258
2542.968750	-37.982048
2544.921875	-40.398449
2546.875000	-32.424995
2548.828125	-29.318731
2550.781250	-32.577682
2552.734375	-49.455467
2554.687500	-45.776497
2556.640625	-42.127872
2558.593750	-45.732903
2560.546875	-38.833580
2562.500000	-36.935123
2564.453125	-38.177837
2566.406250	-36.221821
2568.359375	-44.036419
2570.312500	-34.567696
2572.265625	-33.822197
2574.218750	-33.428482
2576.171875	-37.724819
2578.125000	-33.294254
2580.078125	-41.180088
2582.031250	-35.021492
2583.984375	-34.965088
2585.937500	-39.154736
2587.890625	-35.765602
2589.843750	-42.769329
2591.796875	-46.574909
2593.750000	-39.609478
2595.703125	-41.283203
2597.656250	-37.159771
2599.609375	-33.426872
2601.562500	-32.881935
2603.515625	-36.208546
2605.468750	-44.361240
2607.421875	-31.052164
2609.375000	-30.225840
2611.328125	-32.794998
2613.281250	-39.143780
2615.234375	-36.408268
2617.187500	-35.756901
2619.140625	-38.881523
2621.093750	-34.129894
2623.046875	-29.615969
2625.000000	-33.659878
2626.953125	-46.844250
2628.906250	-39.751369
2630.859375	-38.962269
2632.812500	-48.107914
2634.765625	-37.557823
2636.718750	-42.808331
2638.671875	-37.299652
2640.625000	-41.036934
2642.578125	-35.704098
2644.531250	-36.835346
2646.484375	-33.667156
2648.437500	-42.299473
2650.390625	-46.551064
2652.343750	-38.639294
2654.296875	-35.401844
2656.250000	-43.806026
2658.203125	-35.211838
2660.156250	-34.534691
2662.109375	-37.123199
2664.062500	-39.122341
2666.015625	-41.524113
2667.968750	-43.864315
2669.921875	-40.136242
2671.875000	-47.593735
2673.828125	-40.770531
2675.781250	-35.435074
2677.734375	-31.110619
2679.687500	-31.746304
2681.640625	-34.259052
2683.593750	-43.543747
2685.546875	-41.517162
2687.500000	-32.199509
2689.453125	-28.908936
2691.406250	-33.358917
2693.359375	-34.476093
2695.312500	-34.680874
2697.265625	-39.483913
2699.218750	-37.869701
2701.171875	-37.293594
2703.125000	-33.824337
2705.078125	-29.055168
2707.031250	-33.064091
2708.984375	-41.510105
2710.937500	-49.346409
2712.890625	-37.978649
2714.843750	-38.980091
2716.796875	-37.265961
2718.750000	-50.124924
2720.703125	-42.184486
2722.656250	-42.950848
2724.609375	-41.328178
2726.562500	-32.499294
2728.515625	-39.272285
2730.468750	-55.230827
2732.421875	-36.030243
2734.375000	-34.470871
2736.328125	-34.550201
2738.281250	-34.973896
2740.234375	-48.632248
2742.187500	-36.694012
2744.140625	-33.177536
2746.093750	-43.170551
2748.046875	-36.469212
2750.000000	-44.518635
2751.953125	-35.800159
2753.906250	-31.305931
2755.859375	-30.599131
2757.812500	-35.845985
2759.765625	-34.154491
2761.718750	-32.138241
2763.671875	-34.221703
2765.625000	-42.878414
2767.578125	-42.317326
2769.531250	-40.098877
2771.484375	-39.997124
2773.437500	-48.925232
2775.390625	-44.630852
2777.343750	-41.644569
2779.296875	-50.782520
2781.250000	-42.663097
2783.203125	-41.248650
2785.156250	-36.164497
2787.109375	-36.694859
2789.062500	-37.254147
2791.015625	-32.965302
2792.968750	-37.171192
2794.921875	-32.788288
2796.875000	-34.877590
2798.828125	-43.300877
2800.781250	-45.665047
2802.734375	-41.067181
2804.687500	-46.663361
2806.640625	-40.603668
2808.593750	-44.010658
2810.546875	-38.969658
2812.500000	-41.027435
2814.453125	-42.644699
2816.406250	-34.614147
2818.359375	-45.280304
2820.312500	-38.737247
2822.265625	-38.814434
2824.218750	-44.404240
2826.171875	-39.996838
2828.125000	-34.373550
2830.078125	-32.895195
2832.031250	-32.429092
2833.984375	-34.310165
2835.937500	-41.456615
2837.890625	-36.947239
2839.843750	-35.877823
2841.796875	-43.500195
2843.750000	-33.650261
2845.703125	-34.719803
2847.656250	-38.770855
2849.609375	-33.616077
2851.562500	-34.780090
2853.515625	-42.130486
2855.468750	-42.212742
2857.421875	-38.798347
2859.375000	-37.609295
2861.328125	-41.264263
2863.281250	-38.316593
2865.234375	-43.968742
2867.187500	-35.802223
2869.140625	-37.145180
2871.093750	-39.640640
2873.046875	-35.059483
2875.000000	-31.881573
2876.953125	-34.993748
2878.906250	-40.843849
2880.859375	-42.693314
2882.812500	-46.746750
2884.765625	-42.320934
2886.718750	-41.276505
2888.671875	-39.716881
2890.625000	-33.453808
2892.578125	-32.157791
2894.531250	-34.691055
2896.484375	-43.776592
2898.437500	-40.486641
2900.390625	-39.848064
2902.343750	-54.543938
2904.296875	-53.386589
2906.250000	-53.591194
2908.203125	-35.560596
2910.156250	-28.795801
2912.109375	-34.766483
2914.062500	-39.713669
2916.015625	-45.985607
2917.968750	-43.619720
2919.921875	-42.996296
2921.875000	-39.900948
2923.828125	-39.020298
2925.781250	-34.918880
2927.734375	-42.764740
2929.687500	-41.208691
2931.640625	-34.504032
2933.593750	-38.840134
2935.546875	-34.905891
2937.500000	-40.601921
2939.453125	-39.297142
2941.406250	-41.291756
2943.359375	-43.227913
2945.312500	-36.692497
2947.265625	-31.764706
2949.218750	-32.585552
2951.171875	-37.582268
2953.125000	-51.723892
2955.078125	-39.360790
2957.031250	-38.046410
2958.984375	-38.134380
2960.937500	-39.105934
2962.890625	-37.178844
2964.843750	-38.082104
2966.796875	-45.848141
2968.750000	-39.083488
2970.703125	-38.050182
2972.656250	-36.444248
2974.609375	-36.579395
2976.562500	-35.030014
2978.515625	-37.266186
2980.468750	-45.536583
2982.421875	-35.674480
2984.375000	-35.325771
2986.328125	-36.251640
2988.281250	-27.652332
2990.234375	-30.675909
2992.187500	-46.863926
2994.140625	-41.848160
2996.093750	-36.916897
2998.046875	-33.519569
3000.000000	-34.303947
3001.953125	-33.787895
3003.906250	-35.328274
3005.859375	-41.701481
3007.812500	-40.907677
3009.765625	-36.589344
3011.718750	-35.375488
3013.671875	-33.182545
3015.625000	-46.797222
3017.578125	-44.441044
3019.531250	-40.811371
3021.484375	-38.424862
3023.437500	-39.950214
3025.390625	-38.995483
3027.343750	-36.802483
3029.296875	-38.129917
3031.250000	-39.060707
3033.203125	-37.353565
3035.156250	-46.000954
3037.109375	-35.530048
3039.062500	-39.007290
3041.015625	-37.618584
3042.968750	-35.735157
3044.921875	-36.565144
3046.875000	-32.753250
3048.828125	-31.394304
3050.781250	-41.422375
3052.734375	-35.235783
3054.687500	-46.433502
3056.640625	-39.994122
3058.593750	-31.026060
3060.546875	-33.363873
3062.500000	-40.688042
3064.453125	-33.448895
3066.406250	-41.345333
3068.359375	-45.799229
3070.312500	-34.100754
3072.265625	-31.650942
3074.218750	-40.210922
3076.171875	-39.353260
3078.125000	-36.409885
3080.078125	-34.498901
3082.031250	-36.662971
3083.984375	-43.512470
3085.937500	-38.811623
3087.890625	-34.897297
3089.843750	-32.772568
3091.796875	-36.539700
3093.750000	-41.038170
3095.703125	-44.767006
3097.656250	-33.179073
3099.609375	-30.491104
3101.562500	-32.990089
3103.515625	-37.354660
3105.468750	-39.487339
3107.421875	-42.160721
3109.375000	-41.214958
3111.328125	-50.163769
3113.281250	-42.963055
3115.234375	-44.756435
3117.187500	-36.430599
3119.140625	-42.959553
3121.093750	-42.954208
3123.046875	-35.304401
3125.000000	-34.969803
3126.953125	-46.194351
3128.906250	-41.213505
3130.859375	-38.171116
3132.812500	-37.406895
3134.765625	-38.697552
3136.718750	-40.001499
3138.671875	-48.844444
3140.625000	-49.901253
3142.578125	-43.396358
3144.531250	-35.932667
3146.484375	-46.287067
3148.437500	-41.314732
3150.390625	-46.326004
3152.343750	-50.123718
3154.296875	-37.639648
3156.250000	-33.924290
3158.203125	-36.255611
3160.156250	-42.097477
3162.109375	-40.495377
3164.062500	-44.783772
3166.015625	-35.752808
3167.968750	-42.709492
3169.921875	-38.662148
3171.875000	-40.225632
3173.828125	-48.135456
3175.781250	-40.844410
3177.734375	-49.247383
3179.687500	-43.052395
3181.640625	-44.006634
3183.593750	-43.530056
3185.546875	-39.648808
3187.500000	-37.358727
3189.453125	-33.393154
3191.406250	-32.638985
3193.359375	-38.970295
3195.312500	-39.451843
3197.265625	-52.108135
3199.218750	-35.630100
3201.171875	-45.718018
3203.125000	-35.270611
3205.078125	-42.094837
3207.031250	-35.878849
3208.984375	-31.257854
3210.937500	-42.180397
3212.890625	-43.419037
3214.843750	-41.101337
3216.796875	-38.549706
3218.750000	-53.385708
3220.703125	-34.022739
3222.656250	-32.557819
3224.609375	-36.190235
3226.562500	-39.008785
3228.515625	-35.095345
3230.468750	-35.935349
3232.421875	-38.321804
3234.375000	-47.390938
3236.328125	-48.433643
3238.281250	-39.362125
3240.234375	-36.560474
3242.187500	-38.819649
3244.140625	-39.227322
3246.093750	-41.277660
3248.046875	-36.747669
3250.000000	-34.122845
3251.953125	-33.967525
3253.906250	-31.306875
3255.859375	-36.448673
3257.812500	-41.909908
3259.765625	-36.802364
3261.718750	-40.186890
3263.671875	-50.151340
3265.625000	-42.480934
3267.578125	-37.369316
3269.531250	-32.754974
3271.484375	-38.038181
3273.437500	-40.653637
3275.390625	-36.727234
3277.343750	-36.979996
3279.296875	-35.685371
3281.250000	-36.958370
3283.203125	-39.993385
3285.156250	-35.471851
3287.109375	-35.023251
3289.062500	-41.415642
3291.015625	-30.796618
3292.968750	-32.572964
3294.921875	-46.689423
3296.875000	-79.118599
3298.828125	-44.883488
3300.781250	-48.120777
3302.734375	-50.825298
3304.687500	-36.456337
3306.640625	-32.425423
3308.593750	-29.852934
3310.546875	-37.974430
3312.500000	-42.131432
3314.453125	-34.891808
3316.406250	-35.857170
3318.359375	-33.492012
3320.312500	-33.231812
3322.265625	-33.834942
3324.218750	-34.602135
3326.171875	-49.729527
3328.125000	-37.680088
3330.078125	-41.535416
3332.031250	-32.907074
3333.984375	-36.618576
3335.937500	-36.634739
3337.890625	-38.989971
3339.843750	-36.440113
3341.796875	-33.308475
3343.750000	-41.755962
3345.703125	-35.686626
3347.656250	-33.885536
3349.609375	-39.040855
3351.562500	-37.859085
3353.515625	-35.299267
3355.468750	-40.663395
3357.421875	-45.097019
3359.375000	-49.176956
3361.328125	-53.438988
3363.281250	-37.928482
3365.234375	-38.378132
3367.187500	-52.043228
3369.140625	-43.189621
3371.093750	-32.951241
3373.046875	-31.582438
3375.000000	-34.181297
3376.953125	-34.019009
3378.906250	-36.426949
3380.859375	-42.440887
3382.812500	-41.464539
3384.765625	-36.568512
3386.718750	-42.851509
3388.671875	-37.665211
3390.625000	-35.623138
3392.578125	-33.024227
3394.531250	-42.755497
3396.484375	-47.613541
3398.437500	-33.291191
3400.390625	-32.906319
3402.343750	-38.831535
3404.296875	-37.906719
3406.250000	-37.960583
3408.203125	-37.218510
3410.156250	-43.551086
3412.109375	-34.048702
3414.062500	-34.184799
3416.015625	-44.567368
3417.968750	-36.298538
3419.921875	-35.717266
3421.875000	-43.675362
3423.828125	-32.464134
3425.781250	-33.213596
3427.734375	-39.037022
3429.687500	-37.343384
3431.640625	-34.356144
3433.593750	-39.470913
3435.546875	-35.784554
3437.500000	-40.587658
3439.453125	-45.417625
3441.406250	-32.270657
3443.359375	-31.493467
3445.312500	-34.635944
3447.265625	-40.511501
3449.218750	-60.081646
3451.171875	-39.517670
3453.125000	-40.455982
3455.078125	-46.528545
3457.031250	-49.732468
3458.984375	-38.878986
3460.937500	-32.779564
3462.890625	-31.942406
3464.843750	-34.454391
3466.796875	-33.401001
3468.750000	-36.690708
3470.703125	-32.540680
3472.656250	-39.188587
3474.609375	-47.650074
3476.562500	-47.211597
3478.515625	-63.569447
3480.468750	-45.425156
3482.421875	-41.358124
3484.375000	-38.935158
3486.328125	-41.535805
3488.281250	-39.322872
3490.234375	-37.950661
3492.187500	-33.888435
3494.140625	-37.176041
3496.093750	-32.746319
3498.046875	-33.390602
3500.000000	-33.117886
3501.953125	-32.661301
3503.906250	-37.176495
3505.859375	-44.623783
3507.812500	-39.150372
3509.765625	-36.035629
3511.718750	-30.581741
3513.671875	-33.710938
3515.625000	-36.990822
3517.578125	-35.464783
3519.531250	-33.688309
3521.484375	-36.391281
3523.437500	-43.322487
3525.390625	-39.913296
3527.343750	-36.239094
3529.296875	-51.768047
3531.250000	-37.010715
3533.203125	-34.419636
3535.156250	-41.162018
3537.109375	-34.695091
3539.062500	-31.493685
3541.015625	-41.305588
3542.968750	-50.350513
3544.921875	-47.170467
3546.875000	-48.610218
3548.828125	-36.611027
3550.781250	-31.211416
3552.734375	-37.726982
3554.687500	-39.635490
3556.640625	-33.971264
3558.593750	-44.090687
3560.546875	-37.509102
3562.500000	-39.435989
3564.453125	-55.577305
3566.406250	-35.079010
3568.359375	-32.295265
3570.312500	-37.188385
3572.265625	-37.579960
3574.218750	-37.151524
3576.171875	-33.415894
3578.125000	-34.346466
3580.078125	-44.584961
3582.031250	-43.879353
3583.984375	-38.308453
3585.937500	-33.478733
3587.890625	-34.598518
3589.843750	-46.450558
3591.796875	-35.032219
3593.750000	-42.152634
3595.703125	-33.735756
3597.656250	-41.395977
3599.609375	-33.163162
3601.562500	-38.230431
3603.515625	-43.315403
3605.468750	-40.992603
3607.421875	-37.565632
3609.375000	-36.443012
3611.328125	-35.545685
3613.281250	-45.745029
3615.234375	-54.705860
3617.187500	-44.254292
3619.140625	-37.683075
3621.093750	-37.051716
3623.046875	-36.724678
3625.000000	-37.992237
3626.953125	-46.607872
3628.906250	-34.628815
3630.859375	-35.681938
3632.812500	-41.406517
3634.765625	-41.907833
3636.718750	-37.094307
3638.671875	-40.685444
3640.625000	-70.730499
3642.578125	-48.762505
3644.531250	-51.675270
3646.484375	-51.010204
3648.437500	-38.311188
3650.390625	-45.581284
3652.343750	-41.121731
3654.296875	-41.217716
3656.250000	-40.270000
3658.203125	-46.463234
3660.156250	-46.343857
3662.109375	-51.163212
3664.062500	-44.825588
3666.015625	-40.411724
3667.968750	-32.058357
3669.921875	-34.195057
3671.875000	-40.696060
3673.828125	-42.094231
3675.781250	-35.847523
3677.734375	-32.467377
3679.687500	-38.849018
3681.640625	-46.867981
3683.593750	-46.707691
3685.546875	-30.814938
3687.500000	-31.708664
3689.453125	-40.445255
3691.406250	-39.402554
3693.359375	-37.534954
3695.312500	-39.137646
3697.265625	-39.290775
3699.218750	-42.672600
3701.171875	-44.292439
3703.125000	-34.367390
3705.078125	-43.925484
3707.031250	-34.700130
3708.984375	-32.763264
3710.937500	-34.643772
3712.890625	-40.204212
3714.843750	-43.198326
3716.796875	-36.783810
3718.750000	-41.867664
3720.703125	-36.710102
3722.656250	-39.123718
3724.609375	-36.158031
3726.562500	-32.926926
3728.515625	-38.093769
3730.468750	-31.446051
3732.421875	-40.013634
3734.375000	-32.975098
3736.328125	-33.644543
3738.281250	-37.875736
3740.234375	-41.976849
3742.187500	-42.786808
3744.140625	-37.892944
3746.093750	-36.228561
3748.046875	-34.872311
3750.000000	-43.207150
3751.953125	-39.215832
3753.906250	-33.928665
3755.859375	-35.147396
3757.812500	-45.514435
3759.765625	-35.183113
3761.718750	-46.057991
3763.671875	-40.086952
3765.625000	-35.782314
3767.578125	-54.366104
3769.531250	-38.635433
3771.484375	-51.917019
3773.437500	-37.554710
3775.390625	-35.002846
3777.343750	-34.132961
3779.296875	-38.154736
3781.250000	-38.170353
3783.203125	-37.039539
3785.156250	-40.114391
3787.109375	-48.220074
3789.062500	-33.248798
3791.015625	-31.609888
3792.968750	-36.149776
3794.921875	-42.196224
3796.875000	-36.647972
3798.828125	-38.347561
3800.781250	-36.898209
3802.734375	-32.404293
3804.687500	-37.854549
3806.640625	-44.024990
3808.593750	-39.477024
3810.546875	-33.162949
3812.500000	-36.585365
3814.453125	-33.983547
3816.406250	-31.189634
3818.359375	-40.722149
3820.312500	-43.420425
3822.265625	-47.198925
3824.218750	-42.523594
3826.171875	-40.509747
3828.125000	-50.365707
3830.078125	-36.514011
3832.031250	-39.714882
3833.984375	-38.571674
3835.937500	-38.205242
3837.890625	-35.496304
3839.843750	-33.304180
3841.796875	-39.542183
3843.750000	-40.256870
3845.703125	-39.834698
3847.656250	-33.217892
3849.609375	-30.803230
3851.562500	-29.713795
3853.515625	-36.668591
3855.468750	-46.955608
3857.421875	-39.315605
3859.375000	-34.856449
3861.328125	-33.630970
3863.281250	-38.800877
3865.234375	-42.402390
3867.187500	-50.702522
3869.140625	-36.677372
3871.093750	-36.677544
3873.046875	-37.131351
3875.000000	-54.491283
3876.953125	-48.267159
3878.906250	-33.901989
3880.859375	-30.997234
3882.812500	-33.040268
3884.765625	-40.335659
3886.718750	-52.327152
3888.671875	-40.857632
3890.625000	-38.106903
3892.578125	-42.790047
3894.531250	-36.194687
3896.484375	-34.100086
3898.437500	-34.579838
3900.390625	-39.600773
3902.343750	-34.003246
3904.296875	-35.360992
3906.250000	-34.068832
3908.203125	-36.963875
3910.156250	-34.102055
3912.109375	-35.505341
3914.062500	-44.494156
3916.015625	-41.435066
3917.968750	-37.660210
3919.921875	-40.338734
3921.875000	-61.060795
3923.828125	-33.849735
3925.781250	-35.383629
3927.734375	-39.008389
3929.687500	-30.766075
3931.640625	-31.316935
3933.593750	-37.179081
3935.546875	-33.520313
3937.500000	-33.586327
3939.453125	-31.111521
3941.406250	-36.616100
3943.359375	-40.770355
3945.312500	-42.633480
3947.265625	-38.190929
3949.218750	-35.397278
3951.171875	-47.345585
3953.125000	-39.380779
3955.078125	-39.272072
3957.031250	-35.183926
3958.984375	-35.869186
3960.937500	-32.487606
3962.890625	-33.436485
3964.843750	-56.302319
3966.796875	-44.009445
3968.750000	-42.965939
3970.703125	-33.257427
3972.656250	-35.179188
3974.609375	-50.614307
3976.562500	-46.287823
3978.515625	-40.038086
3980.468750	-33.532959
3982.421875	-31.236343
3984.375000	-30.114969
3986.328125	-31.942036
3988.281250	-36.567074
3990.234375	-38.690392
3992.187500	-32.923454
3994.140625	-42.301678
3996.093750	-41.042534
3998.046875	-35.456093
