Частота (Гц)	Уровень (дБ)
15.625000	-24.575472
31.250000	-23.098291
46.875000	-28.539213
62.500000	-30.442492
78.125000	-30.781559
93.750000	-28.768843
109.375000	-24.136950
125.000000	-30.531191
140.625000	-34.732292
156.250000	-29.638660
171.875000	-22.233934
187.500000	-20.980026
203.125000	-23.536287
218.750000	-26.648821
234.375000	-25.666700
250.000000	-24.764278
265.625000	-32.489582
281.250000	-24.366125
296.875000	-24.628365
312.500000	-22.786394
328.125000	-27.066181
343.750000	-41.696957
359.375000	-30.984100
375.000000	-32.657871
390.625000	-43.822456
406.250000	-29.549980
421.875000	-26.954649
437.500000	-34.764236
453.125000	-25.875233
468.750000	-22.860590
484.375000	-29.194803
500.000000	-40.098286
515.625000	-27.312160
531.250000	-29.785286
546.875000	-41.867577
562.500000	-35.059978
578.125000	-36.758606
593.750000	-27.367680
609.375000	-20.445227
625.000000	-21.948357
640.625000	-26.455605
656.250000	-31.624933
671.875000	-47.370331
687.500000	-39.237518
703.125000	-31.939444
718.750000	-27.141582
734.375000	-23.925350
750.000000	-33.171501
765.625000	-23.117027
781.250000	-23.802774
796.875000	-28.292652
812.500000	-28.281271
828.125000	-26.930798
843.750000	-32.863461
859.375000	-31.996572
875.000000	-33.777973
890.625000	-31.217892
906.250000	-31.601521
921.875000	-30.782688
937.500000	-40.228226
953.125000	-27.278843
968.750000	-26.960587
984.375000	-23.603487
1000.000000	-24.481638
1015.625000	-29.407969
1031.250000	-27.766840
1046.875000	-28.290731
1062.500000	-30.227463
1078.125000	-32.713688
1093.750000	-33.722679
1109.375000	-29.210625
1125.000000	-26.439556
1140.625000	-29.855167
1156.250000	-29.351179
1171.875000	-29.547197
1187.500000	-32.832935
1203.125000	-26.047327
1218.750000	-25.296558
1234.375000	-35.047676
1250.000000	-28.426903
1265.625000	-30.672247
1281.250000	-30.160074
1296.875000	-29.794125
1312.500000	-40.862682
1328.125000	-25.875113
1343.750000	-22.481152
1359.375000	-21.394377
1375.000000	-23.245695
1390.625000	-36.574074
1406.250000	-26.940941
1421.875000	-25.040581
1437.500000	-26.902330
1453.125000	-28.302174
1468.750000	-23.944502
1484.375000	-22.494980
1500.000000	-21.977268
1515.625000	-28.973806
1531.250000	-31.681086
1546.875000	-33.054123
1562.500000	-39.370190
1578.125000	-32.987438
1593.750000	-32.060360
1609.375000	-31.879597
1625.000000	-31.971205
1640.625000	-32.663788
1656.250000	-25.787281
1671.875000	-25.294426
1687.500000	-25.139175
1703.125000	-28.598526
1718.750000	-40.030704
1734.375000	-27.382814
1750.000000	-30.734819
1765.625000	-26.819445
1781.250000	-30.467365
1796.875000	-29.435987
1812.500000	-29.176149
1828.125000	-34.332645
1843.750000	-33.040405
1859.375000	-28.093866
1875.000000	-27.123779
1890.625000	-29.289509
1906.250000	-25.598841
1921.875000	-37.995525
1937.500000	-33.536514
1953.125000	-38.471691
1968.750000	-33.441032
1984.375000	-10.104342
2000.000000	-3.386122
2015.625000	-11.926932
2031.250000	-36.469074
2046.875000	-31.795679
2062.500000	-27.574274
2078.125000	-35.263084
2093.750000	-29.776117
2109.375000	-26.973267
2125.000000	-23.138029
2140.625000	-36.283741
2156.250000	-39.256424
2171.875000	-29.145041
2187.500000	-30.191559
2203.125000	-28.873940
2218.750000	-42.823154
2234.375000	-41.490654
2250.000000	-27.115160
2265.625000	-30.657646
2281.250000	-32.154713
2296.875000	-30.627432
2312.500000	-35.818508
2328.125000	-30.616987
2343.750000	-38.721382
2359.375000	-39.065872
2375.000000	-24.316410
2390.625000	-22.377729
2406.250000	-25.749874
2421.875000	-28.864738
2437.500000	-26.435774
2453.125000	-29.553915
2468.750000	-27.322184
2484.375000	-21.695278
2500.000000	-27.988468
2515.625000	-26.407684
2531.250000	-21.601944
2546.875000	-27.459715
2562.500000	-31.377836
2578.125000	-24.679636
2593.750000	-27.293737
2609.375000	-24.864998
2625.000000	-26.003750
2640.625000	-29.235630
2656.250000	-40.287067
2671.875000	-28.130270
2687.500000	-25.101648
2703.125000	-26.347876
2718.750000	-31.052525
2734.375000	-27.594477
2750.000000	-37.457043
2765.625000	-25.892666
2781.250000	-28.634953
2796.875000	-35.175072
2812.500000	-38.852669
2828.125000	-39.788563
2843.750000	-30.737551
2859.375000	-34.803257
2875.000000	-28.775900
2890.625000	-39.024075
2906.250000	-27.067072
2921.875000	-31.074284
2937.500000	-28.006878
2953.125000	-32.000275
2968.750000	-26.723322
2984.375000	-28.155264
3000.000000	-31.824308
3015.625000	-31.344484
3031.250000	-30.636578
3046.875000	-32.460972
3062.500000	-27.280415
3078.125000	-25.177134
3093.750000	-26.236027
3109.375000	-30.797592
3125.000000	-25.279556
3140.625000	-23.710535
3156.250000	-28.217846
3171.875000	-28.593666
3187.500000	-27.830420
3203.125000	-31.308527
3218.750000	-36.727329
3234.375000	-29.434656
3250.000000	-26.553263
3265.625000	-29.799765
3281.250000	-29.963108
3296.875000	-39.843967
3312.500000	-33.577297
3328.125000	-25.263458
3343.750000	-25.734461
3359.375000	-32.216728
3375.000000	-31.308586
3390.625000	-26.190237
3406.250000	-31.538528
3421.875000	-36.236019
3437.500000	-33.756340
3453.125000	-37.582951
3468.750000	-28.337727
3484.375000	-27.777254
3500.000000	-30.784151
3515.625000	-33.582172
3531.250000	-29.347626
3546.875000	-31.738821
3562.500000	-28.261992
3578.125000	-34.956097
3593.750000	-36.863338
3609.375000	-28.211666
3625.000000	-43.240639
3640.625000	-26.964226
3656.250000	-33.472015
3671.875000	-31.196854
3687.500000	-25.227835
3703.125000	-23.234400
3718.750000	-21.258499
3734.375000	-21.220158
3750.000000	-27.964592
3765.625000	-30.501553
3781.250000	-40.046982
3796.875000	-29.935741
3812.500000	-31.044653
3828.125000	-34.162632
3843.750000	-40.812214
3859.375000	-31.838589
3875.000000	-26.831715
3890.625000	-30.936510
3906.250000	-28.890402
3921.875000	-32.348778
3937.500000	-27.728945
3953.125000	-30.108747
3968.750000	-51.660583
3984.375000	-30.360226
