Частота (Гц)	Уровень (дБ)
1.953125	-35.108730
3.906250	-44.098888
5.859375	-37.373608
7.812500	-32.643028
9.765625	-33.913052
11.718750	-39.423290
13.671875	-39.043728
15.625000	-33.226028
17.578125	-32.068401
19.531250	-34.248970
21.484375	-37.509968
23.437500	-39.687710
25.390625	-35.508194
27.343750	-36.255527
29.296875	-38.093742
31.250000	-34.587276
33.203125	-32.162827
35.156250	-32.718273
37.109375	-38.624828
39.062500	-37.676880
41.015625	-34.563435
42.968750	-42.272003
44.921875	-36.061333
46.875000	-38.009789
48.828125	-37.638302
50.781250	-39.942219
52.734375	-44.074036
54.687500	-45.411205
56.640625	-40.437283
58.593750	-40.096943
60.546875	-43.126453
62.500000	-40.861748
64.453125	-39.969444
66.406250	-32.089920
68.359375	-34.198376
70.312500	-35.197617
72.265625	-37.441135
74.218750	-47.086922
76.171875	-36.728432
78.125000	-36.060493
80.078125	-43.236965
82.031250	-37.438622
83.984375	-35.791908
85.937500	-36.861576
87.890625	-37.762947
89.843750	-36.230221
91.796875	-38.721081
93.750000	-38.475590
95.703125	-36.884583
97.656250	-37.446018
99.609375	-35.229851
101.562500	-34.269894
103.515625	-36.389893
105.468750	-34.983620
107.421875	-33.173668
109.375000	-37.273365
111.328125	-33.429653
113.281250	-29.124624
115.234375	-31.665800
117.187500	-36.327061
119.140625	-37.153236
121.093750	-37.977360
123.046875	-36.847664
125.000000	-35.378338
126.953125	-39.071583
128.906250	-39.462017
130.859375	-35.339966
132.812500	-35.869114
134.765625	-38.020737
136.718750	-36.964020
138.671875	-38.897823
140.625000	-40.836315
142.578125	-35.284519
144.531250	-39.388729
146.484375	-40.927853
148.437500	-39.009720
150.390625	-39.589401
152.343750	-37.510330
154.296875	-40.347939
156.250000	-34.775818
158.203125	-34.409885
160.156250	-38.556293
162.109375	-39.770603
164.062500	-35.536556
166.015625	-37.699287
167.968750	-38.574623
169.921875	-38.176476
171.875000	-37.491512
173.828125	-36.431751
175.781250	-36.623844
177.734375	-43.051399
179.687500	-37.390198
181.640625	-35.545120
183.593750	-33.967083
185.546875	-34.135983
187.500000	-39.997662
189.453125	-39.053310
191.406250	-41.834095
193.359375	-38.944492
195.312500	-38.150944
197.265625	-43.305328
199.218750	-45.077316
201.171875	-41.040977
203.125000	-37.441044
205.078125	-45.291840
207.031250	-34.986137
208.984375	-33.004787
210.937500	-39.258228
212.890625	-38.656406
214.843750	-40.169998
216.796875	-34.964123
218.750000	-36.262550
220.703125	-35.381317
222.656250	-33.819286
224.609375	-34.972004
226.562500	-42.781406
228.515625	-38.779129
230.468750	-34.999130
232.421875	-40.129326
234.375000	-52.170994
236.328125	-41.267056
238.281250	-39.045116
240.234375	-38.314548
242.187500	-40.558586
244.140625	-37.679077
246.093750	-34.892025
248.046875	-33.199673
250.000000	-35.216434
251.953125	-44.084927
253.906250	-37.565376
255.859375	-31.679985
257.812500	-31.133755
259.765625	-33.480545
261.718750	-37.185326
263.671875	-34.731339
265.625000	-33.458485
267.578125	-31.079185
269.531250	-32.357307
271.484375	-35.627014
273.437500	-45.684959
275.390625	-39.407917
277.343750	-37.331390
279.296875	-35.183319
281.250000	-34.437271
283.203125	-37.915794
285.156250	-52.373489
287.109375	-44.417561
289.062500	-37.523727
291.015625	-37.283325
292.968750	-39.136429
294.921875	-35.339653
296.875000	-34.455860
298.828125	-32.463234
300.781250	-33.983501
302.734375	-30.272907
304.687500	-35.870869
306.640625	-38.904205
308.593750	-35.310116
310.546875	-36.321850
312.500000	-41.019699
314.453125	-40.172565
316.406250	-38.213676
318.359375	-44.936630
320.312500	-38.898033
322.265625	-42.068283
324.218750	-33.115402
326.171875	-34.311390
328.125000	-36.365616
330.078125	-37.160503
332.031250	-40.918880
333.984375	-39.818027
335.937500	-41.074017
337.890625	-37.271473
339.843750	-40.303745
341.796875	-40.148212
343.750000	-38.000824
345.703125	-38.419281
347.656250	-39.855217
349.609375	-35.744522
351.562500	-38.600540
353.515625	-37.212364
355.468750	-34.833973
357.421875	-35.831444
359.375000	-38.009911
361.328125	-41.971340
363.281250	-39.703045
365.234375	-32.531925
367.187500	-33.672077
369.140625	-36.482300
371.093750	-37.257256
373.046875	-41.108208
375.000000	-36.172020
376.953125	-35.482544
378.906250	-39.539055
380.859375	-36.751091
382.812500	-39.674927
384.765625	-42.763374
386.718750	-35.550831
388.671875	-37.487495
390.625000	-33.789318
392.578125	-37.395027
394.531250	-40.536098
396.484375	-39.962135
398.437500	-39.015903
400.390625	-43.296120
402.343750	-39.922108
404.296875	-39.372341
406.250000	-33.547958
408.203125	-37.433704
410.156250	-40.152111
412.109375	-39.321175
414.062500	-34.590553
416.015625	-38.803146
417.968750	-35.257179
419.921875	-34.980087
421.875000	-41.881809
423.828125	-44.034405
425.781250	-45.987576
427.734375	-37.605556
429.687500	-42.930332
431.640625	-37.376476
433.593750	-35.210396
435.546875	-34.938099
437.500000	-35.435505
439.453125	-36.368938
441.406250	-36.652035
443.359375	-38.342377
445.312500	-37.766289
447.265625	-37.640560
449.218750	-39.262791
451.171875	-40.684345
453.125000	-39.837543
455.078125	-36.054333
457.031250	-38.115875
458.984375	-42.916969
460.937500	-44.262260
462.890625	-34.524601
464.843750	-31.204327
466.796875	-32.993244
468.750000	-34.778790
470.703125	-34.686634
472.656250	-35.481991
474.609375	-35.974091
476.562500	-34.521042
478.515625	-38.603794
480.468750	-41.206032
482.421875	-41.650806
484.375000	-39.917530
486.328125	-36.767826
488.281250	-31.504314
490.234375	-32.071461
492.187500	-38.528267
494.140625	-40.450687
496.093750	-38.077385
498.046875	-36.347866
500.000000	-44.079262
501.953125	-34.450951
503.906250	-38.149780
505.859375	-38.341213
507.812500	-35.243511
509.765625	-37.567455
511.718750	-38.868687
513.671875	-41.659348
515.625000	-39.466766
517.578125	-34.967209
519.531250	-36.045761
521.484375	-41.994553
523.437500	-33.892757
525.390625	-32.425827
527.343750	-35.528202
529.296875	-36.990318
531.250000	-36.198868
533.203125	-35.284546
535.156250	-46.655357
537.109375	-38.202248
539.062500	-46.495014
541.015625	-34.332523
542.968750	-38.067318
544.921875	-34.866463
546.875000	-35.751720
548.828125	-32.013264
550.781250	-40.071728
552.734375	-32.798862
554.687500	-32.698997
556.640625	-35.176025
558.593750	-34.802841
560.546875	-36.200687
562.500000	-41.935814
564.453125	-44.949471
566.406250	-37.529922
568.359375	-36.930393
570.312500	-36.279316
572.265625	-39.322815
574.218750	-34.412197
576.171875	-33.479206
578.125000	-35.586929
580.078125	-32.633358
582.031250	-33.665600
583.984375	-36.088646
585.937500	-38.017284
587.890625	-41.257835
589.843750	-42.793198
591.796875	-40.920437
593.750000	-39.842804
595.703125	-38.963245
597.656250	-35.752316
599.609375	-34.000854
601.562500	-34.486752
603.515625	-39.104008
605.468750	-42.746056
607.421875	-32.480049
609.375000	-35.404251
611.328125	-46.685722
613.281250	-43.970959
615.234375	-38.498009
617.187500	-38.200562
619.140625	-41.514343
621.093750	-44.996201
623.046875	-38.066753
625.000000	-34.839867
626.953125	-33.176624
628.906250	-38.427505
630.859375	-38.191582
632.812500	-34.049961
634.765625	-35.306736
636.718750	-35.702404
638.671875	-39.091557
640.625000	-38.126518
642.578125	-38.852455
644.531250	-41.757530
646.484375	-39.968449
648.437500	-41.063095
650.390625	-34.437794
652.343750	-40.737846
654.296875	-48.877586
656.250000	-41.033978
658.203125	-33.635689
660.156250	-40.540375
662.109375	-40.741383
664.062500	-36.422401
666.015625	-37.215885
667.968750	-34.024029
669.921875	-36.352840
671.875000	-41.322708
673.828125	-40.026947
675.781250	-40.811180
677.734375	-35.232212
679.687500	-36.900665
681.640625	-36.108624
683.593750	-36.091415
685.546875	-35.237934
687.500000	-37.400116
689.453125	-36.412121
691.406250	-36.171055
693.359375	-36.105305
695.312500	-33.248928
697.265625	-18.723164
699.218750	-5.345945
701.171875	-6.847292
703.125000	-27.812172
705.078125	-36.714676
707.031250	-32.174107
708.984375	-40.778755
710.937500	-42.760235
712.890625	-38.349602
714.843750	-39.627815
716.796875	-42.228840
718.750000	-42.807953
720.703125	-36.364422
722.656250	-32.959156
724.609375	-35.365887
726.562500	-42.811081
728.515625	-39.540688
730.468750	-37.758408
732.421875	-36.303886
734.375000	-39.246719
736.328125	-34.074593
738.281250	-35.673664
740.234375	-36.725658
742.187500	-37.802464
744.140625	-38.664230
746.093750	-47.316158
748.046875	-42.302883
750.000000	-36.407921
751.953125	-34.511494
753.906250	-31.839394
755.859375	-34.862000
757.812500	-31.443750
759.765625	-36.012577
761.718750	-38.487648
763.671875	-39.447453
765.625000	-37.910770
767.578125	-37.196827
769.531250	-35.965382
771.484375	-39.188828
773.437500	-37.958031
775.390625	-46.190777
777.343750	-35.577358
779.296875	-39.075283
781.250000	-34.051750
783.203125	-35.413624
785.156250	-36.625736
787.109375	-39.383072
789.062500	-36.120770
791.015625	-37.457527
792.968750	-40.133408
794.921875	-36.921932
796.875000	-36.287815
798.828125	-33.850304
800.781250	-30.827604
802.734375	-32.499035
804.687500	-32.358212
806.640625	-36.513828
808.593750	-46.304955
810.546875	-41.995079
812.500000	-37.804192
814.453125	-37.551586
816.406250	-40.388351
818.359375	-32.597057
820.312500	-32.496918
822.265625	-39.868835
824.218750	-38.673168
826.171875	-37.770275
828.125000	-38.269615
830.078125	-37.241638
832.031250	-41.297466
833.984375	-41.218235
835.937500	-37.094036
837.890625	-39.896267
839.843750	-34.041725
841.796875	-41.645920
843.750000	-34.553955
845.703125	-36.232643
847.656250	-37.939037
849.609375	-37.418423
851.562500	-46.002487
853.515625	-38.893139
855.468750	-36.764824
857.421875	-35.440086
859.375000	-38.352013
861.328125	-45.727329
863.281250	-39.784752
865.234375	-40.345783
867.187500	-38.431187
869.140625	-37.698277
871.093750	-34.163975
873.046875	-34.418934
875.000000	-35.361446
876.953125	-36.794731
878.906250	-40.546124
880.859375	-37.745316
882.812500	-42.265182
884.765625	-36.833851
886.718750	-37.930401
888.671875	-45.869602
890.625000	-46.412540
892.578125	-43.384350
894.531250	-42.440731
896.484375	-45.848183
898.437500	-38.035034
900.390625	-30.614021
902.343750	-31.400040
904.296875	-40.297173
906.250000	-38.728596
908.203125	-38.643040
910.156250	-37.278332
912.109375	-35.587212
914.062500	-35.989162
916.015625	-38.270493
917.968750	-37.319145
919.921875	-43.423847
921.875000	-46.553699
923.828125	-36.623325
925.781250	-35.964245
927.734375	-37.635529
929.687500	-42.144623
931.640625	-39.806973
933.593750	-36.141586
935.546875	-32.563484
937.500000	-36.855194
939.453125	-38.828857
941.406250	-42.332947
943.359375	-39.773247
945.312500	-36.762817
947.265625	-36.467922
949.218750	-36.121807
951.171875	-35.939137
953.125000	-37.605309
955.078125	-38.924557
957.031250	-34.272774
958.984375	-36.412945
960.937500	-33.178467
962.890625	-33.354633
964.843750	-38.031960
966.796875	-45.688854
968.750000	-42.318211
970.703125	-41.940434
972.656250	-38.031380
974.609375	-35.350727
976.562500	-34.665443
978.515625	-34.867016
980.468750	-36.880100
982.421875	-37.943283
984.375000	-33.996330
986.328125	-37.955456
988.281250	-37.769962
990.234375	-39.933388
992.187500	-37.920895
994.140625	-32.957359
996.093750	-37.419319
998.046875	-34.989880
1000.000000	-36.196686
1001.953125	-35.730511
1003.906250	-35.710537
1005.859375	-34.443966
1007.812500	-29.628792
1009.765625	-33.550526
1011.718750	-34.565571
1013.671875	-36.730534
1015.625000	-38.062778
1017.578125	-36.834583
1019.531250	-34.889984
1021.484375	-39.794743
1023.437500	-38.950115
1025.390625	-36.835461
1027.343750	-36.465565
1029.296875	-35.556873
1031.250000	-38.157524
1033.203125	-42.466637
1035.156250	-40.707123
1037.109375	-39.148220
1039.062500	-34.750671
1041.015625	-33.878754
1042.968750	-39.570000
1044.921875	-42.334991
1046.875000	-44.903362
1048.828125	-37.846207
1050.781250	-36.934265
1052.734375	-38.433155
1054.687500	-37.772873
1056.640625	-43.520180
1058.593750	-40.536842
1060.546875	-39.862442
1062.500000	-42.964722
1064.453125	-37.091908
1066.406250	-33.068794
1068.359375	-43.355896
1070.312500	-37.797565
1072.265625	-35.662476
1074.218750	-38.553997
1076.171875	-39.883289
1078.125000	-40.744713
1080.078125	-39.538151
1082.031250	-39.884804
1083.984375	-37.365559
1085.937500	-29.829239
1087.890625	-31.301008
1089.843750	-38.748055
1091.796875	-37.486534
1093.750000	-42.762901
1095.703125	-34.618519
1097.656250	-32.507736
1099.609375	-40.567963
1101.562500	-40.930927
1103.515625	-37.980721
1105.468750	-36.226433
1107.421875	-36.526810
1109.375000	-33.948917
1111.328125	-44.992794
1113.281250	-36.352669
1115.234375	-34.346569
1117.187500	-33.114117
1119.140625	-35.450603
1121.093750	-38.178146
1123.046875	-38.654095
1125.000000	-36.919853
1126.953125	-34.584499
1128.906250	-32.605625
1130.859375	-39.540470
1132.812500	-39.102741
1134.765625	-40.470329
1136.718750	-39.842819
1138.671875	-37.291737
1140.625000	-38.864059
1142.578125	-36.592770
1144.531250	-36.024185
1146.484375	-37.303856
1148.437500	-41.204124
1150.390625	-37.303200
1152.343750	-43.765079
1154.296875	-37.277752
1156.250000	-37.282825
1158.203125	-39.048424
1160.156250	-38.912045
1162.109375	-37.403042
1164.062500	-35.078968
1166.015625	-34.986912
1167.968750	-39.771839
1169.921875	-37.149452
1171.875000	-35.931103
1173.828125	-34.539246
1175.781250	-35.698143
1177.734375	-35.934601
1179.687500	-41.738605
1181.640625	-39.482410
1183.593750	-39.730316
1185.546875	-37.568630
1187.500000	-36.278427
1189.453125	-38.746258
1191.406250	-36.830441
1193.359375	-36.557991
1195.312500	-38.295883
1197.265625	-36.767231
1199.218750	-40.185551
1201.171875	-34.720669
1203.125000	-34.316513
1205.078125	-35.091137
1207.031250	-38.392441
1208.984375	-43.554455
1210.937500	-37.374786
1212.890625	-33.327480
1214.843750	-36.397148
1216.796875	-38.575756
1218.750000	-36.860420
1220.703125	-41.115334
1222.656250	-38.958496
1224.609375	-38.870293
1226.562500	-38.293301
1228.515625	-41.857147
1230.468750	-40.185059
1232.421875	-32.988224
1234.375000	-31.882563
1236.328125	-34.021744
1238.281250	-34.412548
1240.234375	-34.261921
1242.187500	-38.743298
1244.140625	-41.955246
1246.093750	-37.794678
1248.046875	-40.346214
1250.000000	-35.545460
1251.953125	-36.306171
1253.906250	-37.302433
1255.859375	-38.025204
1257.812500	-38.361015
1259.765625	-38.178051
1261.718750	-38.645756
1263.671875	-38.031574
1265.625000	-38.222885
1267.578125	-41.298027
1269.531250	-39.545162
1271.484375	-33.893997
1273.437500	-32.467979
1275.390625	-35.982212
1277.343750	-41.321072
1279.296875	-39.302658
1281.250000	-36.136036
1283.203125	-31.430420
1285.156250	-38.369240
1287.109375	-45.582478
1289.062500	-47.347431
1291.015625	-42.281883
1292.968750	-39.790977
1294.921875	-46.305187
1296.875000	-38.728855
1298.828125	-41.646633
1300.781250	-33.587326
1302.734375	-30.767361
1304.687500	-40.733311
1306.640625	-40.423012
1308.593750	-43.034870
1310.546875	-38.537010
1312.500000	-34.526226
1314.453125	-34.992004
1316.406250	-39.436405
1318.359375	-40.481758
1320.312500	-38.176525
1322.265625	-40.243385
1324.218750	-35.348232
1326.171875	-33.597679
1328.125000	-33.619846
1330.078125	-38.385082
1332.031250	-33.970509
1333.984375	-34.593277
1335.937500	-37.987141
1337.890625	-40.795574
1339.843750	-39.045265
1341.796875	-37.051113
1343.750000	-40.037075
1345.703125	-31.995018
1347.656250	-32.896439
1349.609375	-33.510807
1351.562500	-39.218300
1353.515625	-38.022026
1355.468750	-39.086769
1357.421875	-45.729321
1359.375000	-42.707359
1361.328125	-39.519920
1363.281250	-37.156696
1365.234375	-35.631294
1367.187500	-37.222649
1369.140625	-39.708473
1371.093750	-38.552994
1373.046875	-37.952202
1375.000000	-33.883846
1376.953125	-32.369225
1378.906250	-40.795963
1380.859375	-42.362957
1382.812500	-39.101162
1384.765625	-38.282566
1386.718750	-35.522423
1388.671875	-37.637897
1390.625000	-36.106098
1392.578125	-35.309677
1394.531250	-35.987309
1396.484375	-37.522095
1398.437500	-42.572464
1400.390625	-43.203911
1402.343750	-40.872715
1404.296875	-43.774414
1406.250000	-43.797577
1408.203125	-39.646866
1410.156250	-37.533005
1412.109375	-39.492271
1414.062500	-37.179234
1416.015625	-44.392509
1417.968750	-38.960823
1419.921875	-38.266239
1421.875000	-37.323841
1423.828125	-40.262756
1425.781250	-38.273792
1427.734375	-35.069561
1429.687500	-34.155956
1431.640625	-33.834671
1433.593750	-39.198467
1435.546875	-34.851345
1437.500000	-35.150867
1439.453125	-35.028595
1441.406250	-32.931747
1443.359375	-34.806278
1445.312500	-37.023651
1447.265625	-40.184200
1449.218750	-46.245899
1451.171875	-37.482643
1453.125000	-34.845474
1455.078125	-40.488682
1457.031250	-36.297443
1458.984375	-33.676258
1460.937500	-38.246590
1462.890625	-37.530098
1464.843750	-39.113823
1466.796875	-38.697739
1468.750000	-31.882130
1470.703125	-32.569752
1472.656250	-35.512547
1474.609375	-38.857651
1476.562500	-39.945816
1478.515625	-38.212841
1480.468750	-44.040199
1482.421875	-36.534855
1484.375000	-30.369699
1486.328125	-34.172546
1488.281250	-38.960670
1490.234375	-43.857407
1492.187500	-39.800140
1494.140625	-37.746712
1496.093750	-36.123558
1498.046875	-36.198700
1500.000000	-37.813778
1501.953125	-46.458969
1503.906250	-41.118664
1505.859375	-35.202644
1507.812500	-36.111027
1509.765625	-39.499615
1511.718750	-53.947254
1513.671875	-46.275112
1515.625000	-42.764244
1517.578125	-38.781727
1519.531250	-37.862617
1521.484375	-35.848793
1523.437500	-38.166206
1525.390625	-36.569767
1527.343750	-37.669998
1529.296875	-32.026600
1531.250000	-32.051903
1533.203125	-38.076832
1535.156250	-36.280163
1537.109375	-34.382168
1539.062500	-37.869381
1541.015625	-34.271046
1542.968750	-33.155514
1544.921875	-37.780453
1546.875000	-42.845600
1548.828125	-43.946918
1550.781250	-33.945656
1552.734375	-35.903404
1554.687500	-37.481556
1556.640625	-35.092945
1558.593750	-32.664207
1560.546875	-41.965885
1562.500000	-35.291546
1564.453125	-38.911781
1566.406250	-34.275528
1568.359375	-38.076717
1570.312500	-50.701286
1572.265625	-44.124046
1574.218750	-38.124027
1576.171875	-36.260056
1578.125000	-34.919090
1580.078125	-32.649948
1582.031250	-34.115078
1583.984375	-40.079212
1585.937500	-36.644096
1587.890625	-32.358089
1589.843750	-32.926403
1591.796875	-38.149685
1593.750000	-39.249111
1595.703125	-37.417107
1597.656250	-34.387280
1599.609375	-38.903522
1601.562500	-38.409534
1603.515625	-38.874363
1605.468750	-32.637402
1607.421875	-38.948395
1609.375000	-39.839737
1611.328125	-43.865925
1613.281250	-39.195652
1615.234375	-39.437222
1617.187500	-40.898178
1619.140625	-39.587482
1621.093750	-40.465836
1623.046875	-36.431751
1625.000000	-41.724346
1626.953125	-41.258797
1628.906250	-36.398998
1630.859375	-35.996311
1632.812500	-33.402168
1634.765625	-30.735619
1636.718750	-30.922457
1638.671875	-32.707333
1640.625000	-40.722706
1642.578125	-41.638298
1644.531250	-35.245701
1646.484375	-38.033733
1648.437500	-40.134186
1650.390625	-43.176594
1652.343750	-36.870033
1654.296875	-38.045204
1656.250000	-38.677395
1658.203125	-37.661037
1660.156250	-37.973213
1662.109375	-37.963924
1664.062500	-39.049694
1666.015625	-36.059021
1667.968750	-38.540928
1669.921875	-42.733185
1671.875000	-32.884331
1673.828125	-33.135811
1675.781250	-35.329742
1677.734375	-39.512444
1679.687500	-39.267220
1681.640625	-39.370255
1683.593750	-37.443676
1685.546875	-39.823456
1687.500000	-38.887627
1689.453125	-43.279800
1691.406250	-37.690914
1693.359375	-30.166126
1695.312500	-30.976795
1697.265625	-34.073914
1699.218750	-35.461533
1701.171875	-39.643211
1703.125000	-41.994663
1705.078125	-41.053020
1707.031250	-35.903133
1708.984375	-35.883060
1710.937500	-39.945103
1712.890625	-38.535244
1714.843750	-38.022594
1716.796875	-41.284393
1718.750000	-43.235428
1720.703125	-43.076218
1722.656250	-42.060623
1724.609375	-38.126278
1726.562500	-39.795860
1728.515625	-37.574791
1730.468750	-36.113716
1732.421875	-41.151779
1734.375000	-40.858322
1736.328125	-39.246910
1738.281250	-38.005421
1740.234375	-36.954285
1742.187500	-39.261932
1744.140625	-36.872089
1746.093750	-33.549370
1748.046875	-33.214664
1750.000000	-37.608700
1751.953125	-35.337158
1753.906250	-34.393940
1755.859375	-39.037151
1757.812500	-36.847824
1759.765625	-33.254391
1761.718750	-38.079781
1763.671875	-44.038940
1765.625000	-41.921852
1767.578125	-36.182896
1769.531250	-36.182777
1771.484375	-40.576309
1773.437500	-43.373966
1775.390625	-42.251598
1777.343750	-40.938980
1779.296875	-38.202797
1781.250000	-38.926846
1783.203125	-44.416252
1785.156250	-37.273350
1787.109375	-34.464733
1789.062500	-36.042847
1791.015625	-33.931297
1792.968750	-33.324421
1794.921875	-37.213406
1796.875000	-40.140308
1798.828125	-38.454258
1800.781250	-39.218155
1802.734375	-34.087425
1804.687500	-30.862537
1806.640625	-34.577404
1808.593750	-36.882385
1810.546875	-37.218121
1812.500000	-39.683342
1814.453125	-39.975262
1816.406250	-44.090218
1818.359375	-44.426479
1820.312500	-36.201233
1822.265625	-36.929455
1824.218750	-38.608459
1826.171875	-36.016178
1828.125000	-35.752823
1830.078125	-40.563251
1832.031250	-35.844456
1833.984375	-36.823811
1835.937500	-42.542725
1837.890625	-38.024723
1839.843750	-38.470757
1841.796875	-33.094311
1843.750000	-35.954609
1845.703125	-35.579884
1847.656250	-33.540901
1849.609375	-35.863712
1851.562500	-36.841702
1853.515625	-40.186604
1855.468750	-37.290878
1857.421875	-37.363125
1859.375000	-35.479961
1861.328125	-32.924259
1863.281250	-36.571419
1865.234375	-36.935257
1867.187500	-33.999584
1869.140625	-34.866241
1871.093750	-38.164787
1873.046875	-38.910667
1875.000000	-37.925972
1876.953125	-36.439930
1878.906250	-37.173264
1880.859375	-35.738335
1882.812500	-36.683418
1884.765625	-30.350367
1886.718750	-33.279793
1888.671875	-40.512566
1890.625000	-37.512825
1892.578125	-36.863312
1894.531250	-37.855415
1896.484375	-40.754093
1898.437500	-33.598789
1900.390625	-49.251095
1902.343750	-38.621029
1904.296875	-41.470562
1906.250000	-43.216145
1908.203125	-43.539970
1910.156250	-38.861965
1912.109375	-36.865322
1914.062500	-32.298008
1916.015625	-39.587372
1917.968750	-37.461208
1919.921875	-33.842793
1921.875000	-33.177444
1923.828125	-35.085747
1925.781250	-43.599129
1927.734375	-40.707119
1929.687500	-37.272518
1931.640625	-32.905098
1933.593750	-37.385883
1935.546875	-48.516113
1937.500000	-40.610123
1939.453125	-37.153862
1941.406250	-41.749912
1943.359375	-39.045574
1945.312500	-38.398830
1947.265625	-40.125412
1949.218750	-38.108433
1951.171875	-38.392368
1953.125000	-42.411800
1955.078125	-44.395058
1957.031250	-42.948444
1958.984375	-40.106758
1960.937500	-36.235382
1962.890625	-41.729572
1964.843750	-38.983765
1966.796875	-36.201683
1968.750000	-33.768555
1970.703125	-35.425106
1972.656250	-40.930782
1974.609375	-36.391651
1976.562500	-33.376747
1978.515625	-35.654297
1980.468750	-38.062073
1982.421875	-38.052677
1984.375000	-35.119183
1986.328125	-32.831551
1988.281250	-40.923473
1990.234375	-39.787090
1992.187500	-39.707256
1994.140625	-36.727501
1996.093750	-34.025177
1998.046875	-34.650902
2000.000000	-42.544285
2001.953125	-40.901070
2003.906250	-40.300224
2005.859375	-39.800434
2007.812500	-37.610023
2009.765625	-34.448395
2011.718750	-33.585148
2013.671875	-31.678125
2015.625000	-32.481220
2017.578125	-38.268803
2019.531250	-44.360344
2021.484375	-44.106525
2023.437500	-42.037029
2025.390625	-38.770245
2027.343750	-45.273075
2029.296875	-43.146305
2031.250000	-36.781033
2033.203125	-36.178654
2035.156250	-37.275036
2037.109375	-37.543205
2039.062500	-41.855278
2041.015625	-36.820244
2042.968750	-35.272533
2044.921875	-42.127155
2046.875000	-42.934925
2048.828125	-39.291462
2050.781250	-34.689674
2052.734375	-34.733578
2054.687500	-36.257557
2056.640625	-33.116489
2058.593750	-33.068111
2060.546875	-39.328094
2062.500000	-37.722290
2064.453125	-34.406815
2066.406250	-37.040440
2068.359375	-44.797283
2070.312500	-38.428673
2072.265625	-38.616356
2074.218750	-38.468586
2076.171875	-41.640156
2078.125000	-35.468151
2080.078125	-36.971935
2082.031250	-35.649860
2083.984375	-39.198483
2085.937500	-44.117496
2087.890625	-39.355320
2089.843750	-37.902431
2091.796875	-39.941097
2093.750000	-39.262142
2095.703125	-42.534641
2097.656250	-35.939438
2099.609375	-41.202553
2101.562500	-39.641281
2103.515625	-38.420589
2105.468750	-38.389229
2107.421875	-40.394672
2109.375000	-33.219059
2111.328125	-29.626230
2113.281250	-34.240452
2115.234375	-36.182575
2117.187500	-34.625423
2119.140625	-39.790703
2121.093750	-36.434967
2123.046875	-35.884209
2125.000000	-40.946270
2126.953125	-47.006367
2128.906250	-40.091900
2130.859375	-42.841450
2132.812500	-36.665386
2134.765625	-33.444939
2136.718750	-33.913635
2138.671875	-33.147797
2140.625000	-35.808662
2142.578125	-37.922478
2144.531250	-40.361977
2146.484375	-38.112953
2148.437500	-41.344921
2150.390625	-56.896332
2152.343750	-41.194138
2154.296875	-36.950451
2156.250000	-37.225132
2158.203125	-38.214893
2160.156250	-45.213352
2162.109375	-44.847584
2164.062500	-40.099709
2166.015625	-36.089359
2167.968750	-36.501675
2169.921875	-34.507896
2171.875000	-30.599176
2173.828125	-35.409901
2175.781250	-37.952454
2177.734375	-37.368710
2179.687500	-37.071342
2181.640625	-35.932293
2183.593750	-40.288441
2185.546875	-41.345112
2187.500000	-37.228458
2189.453125	-44.053024
2191.406250	-44.040947
2193.359375	-36.725441
2195.312500	-39.253368
2197.265625	-35.422844
2199.218750	-37.240788
2201.171875	-35.048504
2203.125000	-34.705006
2205.078125	-36.579926
2207.031250	-35.470829
2208.984375	-36.186066
2210.937500	-37.504391
2212.890625	-37.973988
2214.843750	-39.113693
2216.796875	-41.140457
2218.750000	-40.502689
2220.703125	-35.264050
2222.656250	-35.053173
2224.609375	-33.134727
2226.562500	-32.117897
2228.515625	-34.427460
2230.468750	-37.872829
2232.421875	-31.846586
2234.375000	-32.650471
2236.328125	-41.668377
2238.281250	-42.168049
2240.234375	-40.708527
2242.187500	-43.684929
2244.140625	-42.109272
2246.093750	-39.241817
2248.046875	-33.828121
2250.000000	-35.865025
2251.953125	-35.831188
2253.906250	-33.603733
2255.859375	-36.656673
2257.812500	-38.475307
2259.765625	-36.788609
2261.718750	-38.051044
2263.671875	-43.337383
2265.625000	-41.747868
2267.578125	-40.602203
2269.531250	-40.538532
2271.484375	-37.594391
2273.437500	-35.718555
2275.390625	-33.563046
2277.343750	-35.761513
2279.296875	-38.232059
2281.250000	-37.525257
2283.203125	-34.809647
2285.156250	-39.305801
2287.109375	-44.324928
2289.062500	-37.365856
2291.015625	-35.872189
2292.968750	-36.864868
2294.921875	-33.224655
2296.875000	-34.383297
2298.828125	-37.934097
2300.781250	-39.893345
2302.734375	-37.629997
2304.687500	-34.743271
2306.640625	-33.495041
2308.593750	-35.350182
2310.546875	-40.463299
2312.500000	-35.947578
2314.453125	-32.432228
2316.406250	-33.921124
2318.359375	-33.495861
2320.312500	-31.947880
2322.265625	-34.772324
2324.218750	-37.848660
2326.171875	-36.848530
2328.125000	-41.177490
2330.078125	-37.746803
2332.031250	-34.575264
2333.984375	-32.413937
2335.937500	-34.124382
2337.890625	-38.331017
2339.843750	-37.711281
2341.796875	-41.255978
2343.750000	-41.510498
2345.703125	-40.005463
2347.656250	-35.470112
2349.609375	-33.349598
2351.562500	-40.201359
2353.515625	-37.406910
2355.468750	-36.636482
2357.421875	-34.540787
2359.375000	-34.779713
2361.328125	-34.009167
2363.281250	-32.890495
2365.234375	-36.567795
2367.187500	-40.630753
2369.140625	-36.386139
2371.093750	-38.665672
2373.046875	-39.838593
2375.000000	-38.739025
2376.953125	-38.519081
2378.906250	-34.300545
2380.859375	-33.922764
2382.812500	-40.622551
2384.765625	-35.582886
2386.718750	-33.416435
2388.671875	-36.488338
2390.625000	-38.303837
2392.578125	-34.475250
2394.531250	-31.517576
2396.484375	-33.675312
2398.437500	-33.653572
2400.390625	-37.872978
2402.343750	-40.086895
2404.296875	-35.021343
2406.250000	-37.562656
2408.203125	-42.423164
2410.156250	-40.514881
2412.109375	-36.979046
2414.062500	-37.245068
2416.015625	-39.854210
2417.968750	-37.902386
2419.921875	-35.554371
2421.875000	-36.521137
2423.828125	-35.469913
2425.781250	-36.988178
2427.734375	-39.385628
2429.687500	-46.942814
2431.640625	-40.405922
2433.593750	-36.193390
2435.546875	-39.471470
2437.500000	-33.792786
2439.453125	-33.767834
2441.406250	-39.284554
2443.359375	-39.793625
2445.312500	-35.924801
2447.265625	-40.147964
2449.218750	-34.830894
2451.171875	-35.807140
2453.125000	-36.247498
2455.078125	-38.788876
2457.031250	-35.958302
2458.984375	-38.831577
2460.937500	-41.770275
2462.890625	-43.115829
2464.843750	-44.014194
2466.796875	-38.777405
2468.750000	-40.481003
2470.703125	-37.499599
2472.656250	-38.433960
2474.609375	-48.646084
2476.562500	-44.220112
2478.515625	-38.188908
2480.468750	-36.488510
2482.421875	-37.280682
2484.375000	-35.833492
2486.328125	-37.338112
2488.281250	-35.370304
2490.234375	-35.513706
2492.187500	-42.279751
2494.140625	-39.486889
2496.093750	-42.658295
2498.046875	-37.558182
2500.000000	-34.289017
2501.953125	-37.971031
2503.906250	-40.041267
2505.859375	-37.665684
2507.812500	-35.730743
2509.765625	-34.810532
2511.718750	-37.900509
2513.671875	-39.472919
2515.625000	-39.851105
2517.578125	-34.783386
2519.531250	-36.288296
2521.484375	-37.438610
2523.437500	-33.100288
2525.390625	-36.764008
2527.343750	-44.193779
2529.296875	-43.735485
2531.250000	-43.178898
2533.203125	-37.519836
2535.156250	-44.965176
2537.109375	-35.865742
2539.062500	-37.887535
2541.015625	-43.023727
2542.968750	-49.681602
2544.921875	-41.564655
2546.875000	-40.409439
2548.828125	-36.489010
2550.781250	-36.766903
2552.734375	-36.055183
2554.687500	-35.104828
2556.640625	-38.533207
2558.593750	-42.629242
2560.546875	-38.827545
2562.500000	-40.769722
2564.453125	-39.555157
2566.406250	-34.938221
2568.359375	-36.206123
2570.312500	-36.437584
2572.265625	-40.012722
2574.218750	-38.468712
2576.171875	-36.755199
2578.125000	-33.582031
2580.078125	-34.353905
2582.031250	-32.836739
2583.984375	-34.183426
2585.937500	-40.760105
2587.890625	-41.764458
2589.843750	-38.573620
2591.796875	-39.385334
2593.750000	-32.641521
2595.703125	-32.885635
2597.656250	-39.713604
2599.609375	-43.383850
2601.562500	-40.049320
2603.515625	-39.110668
2605.468750	-40.390110
2607.421875	-36.117962
2609.375000	-38.788029
2611.328125	-39.824696
2613.281250	-38.765450
2615.234375	-38.961838
2617.187500	-42.373264
2619.140625	-37.625553
2621.093750	-37.995113
2623.046875	-39.241371
2625.000000	-34.032379
2626.953125	-34.155674
2628.906250	-31.791443
2630.859375	-33.707363
2632.812500	-34.684780
2634.765625	-37.848793
2636.718750	-35.329876
2638.671875	-31.156317
2640.625000	-35.697189
2642.578125	-41.873116
2644.531250	-41.036835
2646.484375	-36.131790
2648.437500	-36.661072
2650.390625	-40.107174
2652.343750	-36.308731
2654.296875	-32.558037
2656.250000	-33.044247
2658.203125	-37.237961
2660.156250	-32.859856
2662.109375	-36.838188
2664.062500	-37.703163
2666.015625	-38.575321
2667.968750	-42.839138
2669.921875	-41.826180
2671.875000	-35.521774
2673.828125	-30.792189
2675.781250	-30.917339
2677.734375	-34.462780
2679.687500	-35.128017
2681.640625	-42.259010
2683.593750	-41.763458
2685.546875	-39.308929
2687.500000	-34.077091
2689.453125	-39.199257
2691.406250	-37.214165
2693.359375	-37.293034
2695.312500	-34.972275
2697.265625	-37.272404
2699.218750	-44.377243
2701.171875	-42.835938
2703.125000	-35.399235
2705.078125	-38.367908
2707.031250	-34.303528
2708.984375	-33.419815
2710.937500	-37.776600
2712.890625	-36.149906
2714.843750	-37.289192
2716.796875	-36.008884
2718.750000	-35.976883
2720.703125	-36.981312
2722.656250	-37.226784
2724.609375	-42.312763
2726.562500	-44.586998
2728.515625	-43.683842
2730.468750	-45.674145
2732.421875	-42.899879
2734.375000	-41.253994
2736.328125	-40.038925
2738.281250	-39.067043
2740.234375	-39.367901
2742.187500	-44.277157
2744.140625	-37.967628
2746.093750	-36.557785
2748.046875	-39.354000
2750.000000	-35.388313
2751.953125	-35.414864
2753.906250	-33.344624
2755.859375	-33.426517
2757.812500	-34.744930
2759.765625	-37.206223
2761.718750	-39.198994
2763.671875	-42.024303
2765.625000	-36.228176
2767.578125	-32.009033
2769.531250	-33.849644
2771.484375	-36.947678
2773.437500	-33.329182
2775.390625	-38.191624
2777.343750	-41.441814
2779.296875	-37.218327
2781.250000	-33.207462
2783.203125	-34.541157
2785.156250	-35.892853
2787.109375	-36.688274
2789.062500	-41.989620
2791.015625	-36.310871
2792.968750	-35.441727
2794.921875	-35.802090
2796.875000	-34.878712
2798.828125	-36.745247
2800.781250	-39.779861
2802.734375	-35.281296
2804.687500	-38.722927
2806.640625	-38.662643
2808.593750	-39.073425
2810.546875	-35.132298
2812.500000	-34.834976
2814.453125	-36.345226
2816.406250	-37.483490
2818.359375	-37.830460
2820.312500	-37.948101
2822.265625	-42.344139
2824.218750	-40.005436
2826.171875	-37.936287
2828.125000	-49.237698
2830.078125	-44.106987
2832.031250	-36.672989
2833.984375	-33.511341
2835.937500	-35.227535
2837.890625	-38.236355
2839.843750	-41.552021
2841.796875	-37.110779
2843.750000	-37.149204
2845.703125	-37.277458
2847.656250	-37.337337
2849.609375	-42.195587
2851.562500	-38.442474
2853.515625	-37.898735
2855.468750	-34.654446
2857.421875	-40.176147
2859.375000	-39.471046
2861.328125	-34.450062
2863.281250	-33.939610
2865.234375	-35.021927
2867.187500	-34.997169
2869.140625	-37.752216
2871.093750	-38.525597
2873.046875	-39.312637
2875.000000	-38.200451
2876.953125	-32.835442
2878.906250	-34.109562
2880.859375	-35.165508
2882.812500	-36.169518
2884.765625	-41.832855
2886.718750	-44.127350
2888.671875	-37.087791
2890.625000	-36.411114
2892.578125	-39.548748
2894.531250	-35.307568
2896.484375	-36.581097
2898.437500	-40.440899
2900.390625	-38.273273
2902.343750	-37.342651
2904.296875	-43.851242
2906.250000	-36.663776
2908.203125	-36.807198
2910.156250	-34.365925
2912.109375	-35.749779
2914.062500	-45.221806
2916.015625	-45.976124
2917.968750	-40.262848
2919.921875	-39.366188
2921.875000	-38.962357
2923.828125	-38.882202
2925.781250	-40.608307
2927.734375	-45.993042
2929.687500	-46.969532
2931.640625	-44.592625
2933.593750	-37.418148
2935.546875	-33.754162
2937.500000	-39.569393
2939.453125	-44.460934
2941.406250	-39.561180
2943.359375	-39.659630
2945.312500	-38.396065
2947.265625	-38.527737
2949.218750	-36.955162
2951.171875	-36.604679
2953.125000	-35.854393
2955.078125	-32.979572
2957.031250	-36.794807
2958.984375	-39.602386
2960.937500	-37.498833
2962.890625	-36.521404
2964.843750	-35.265694
2966.796875	-34.311817
2968.750000	-35.310158
2970.703125	-38.665104
2972.656250	-43.651108
2974.609375	-36.619682
2976.562500	-39.654160
2978.515625	-37.372581
2980.468750	-35.304352
2982.421875	-34.610020
2984.375000	-36.076012
2986.328125	-43.183170
2988.281250	-41.639259
2990.234375	-42.150650
2992.187500	-43.519711
2994.140625	-38.186615
2996.093750	-47.668720
2998.046875	-37.973373
3000.000000	-34.380409
3001.953125	-41.835236
3003.906250	-39.088985
3005.859375	-43.715843
3007.812500	-46.276058
3009.765625	-41.708157
3011.718750	-43.458008
3013.671875	-35.240601
3015.625000	-37.502464
3017.578125	-43.129154
3019.531250	-51.196045
3021.484375	-48.228176
3023.437500	-41.367249
3025.390625	-36.317932
3027.343750	-37.508320
3029.296875	-44.875919
3031.250000	-35.806126
3033.203125	-34.806839
3035.156250	-36.306732
3037.109375	-35.368095
3039.062500	-36.808533
3041.015625	-33.299736
3042.968750	-33.665359
3044.921875	-34.666580
3046.875000	-34.634281
3048.828125	-48.417122
3050.781250	-45.325314
3052.734375	-39.344051
3054.687500	-37.720016
3056.640625	-35.495487
3058.593750	-38.375896
3060.546875	-39.938713
3062.500000	-36.734383
3064.453125	-35.473736
3066.406250	-40.083824
3068.359375	-37.596691
3070.312500	-37.301685
3072.265625	-40.858562
3074.218750	-38.616196
3076.171875	-39.859615
3078.125000	-36.797405
3080.078125	-47.130135
3082.031250	-35.691216
3083.984375	-37.775249
3085.937500	-35.910675
3087.890625	-35.924023
3089.843750	-34.021683
3091.796875	-39.750698
3093.750000	-41.508472
3095.703125	-42.006393
3097.656250	-48.812752
3099.609375	-44.010357
3101.562500	-37.462940
3103.515625	-35.134171
3105.468750	-36.477314
3107.421875	-38.531937
3109.375000	-39.253223
3111.328125	-38.820663
3113.281250	-35.798424
3115.234375	-39.317207
3117.187500	-44.858715
3119.140625	-35.146835
3121.093750	-34.442448
3123.046875	-38.346172
3125.000000	-37.246418
3126.953125	-37.099621
3128.906250	-37.625324
3130.859375	-39.541759
3132.812500	-39.986118
3134.765625	-36.165325
3136.718750	-42.033012
3138.671875	-42.251892
3140.625000	-36.112881
3142.578125	-40.083935
3144.531250	-48.537888
3146.484375	-36.723507
3148.437500	-38.225964
3150.390625	-49.873116
3152.343750	-41.466156
3154.296875	-41.192333
3156.250000	-49.638355
3158.203125	-42.274532
3160.156250	-35.247475
3162.109375	-34.162884
3164.062500	-33.999199
3166.015625	-33.856964
3167.968750	-37.549618
3169.921875	-37.365181
3171.875000	-33.508068
3173.828125	-34.035446
3175.781250	-40.073708
3177.734375	-32.095516
3179.687500	-33.472504
3181.640625	-34.855186
3183.593750	-30.812576
3185.546875	-36.688652
3187.500000	-46.822273
3189.453125	-34.950325
3191.406250	-39.819008
3193.359375	-35.384052
3195.312500	-38.831650
3197.265625	-37.339058
3199.218750	-35.624184
3201.171875	-32.785946
3203.125000	-41.110485
3205.078125	-40.347725
3207.031250	-36.249252
3208.984375	-39.560440
3210.937500	-36.727520
3212.890625	-35.074020
3214.843750	-36.408882
3216.796875	-38.457680
3218.750000	-39.644356
3220.703125	-39.982117
3222.656250	-33.769356
3224.609375	-36.013042
3226.562500	-39.161320
3228.515625	-36.897575
3230.468750	-34.566002
3232.421875	-39.888111
3234.375000	-39.651489
3236.328125	-32.581364
3238.281250	-32.429310
3240.234375	-34.596275
3242.187500	-31.861214
3244.140625	-34.192402
3246.093750	-37.836338
3248.046875	-33.910480
3250.000000	-32.661804
3251.953125	-42.703293
3253.906250	-33.455803
3255.859375	-35.650612
3257.812500	-39.659714
3259.765625	-35.269333
3261.718750	-37.138374
3263.671875	-38.293064
3265.625000	-34.621666
3267.578125	-34.200779
3269.531250	-39.242607
3271.484375	-40.762196
3273.437500	-39.659542
3275.390625	-40.216125
3277.343750	-38.745125
3279.296875	-33.363972
3281.250000	-34.751373
3283.203125	-35.368755
3285.156250	-29.904104
3287.109375	-34.914570
3289.062500	-35.148735
3291.015625	-37.697910
3292.968750	-40.783783
3294.921875	-41.424160
3296.875000	-34.248554
3298.828125	-31.903759
3300.781250	-33.480423
3302.734375	-38.914238
3304.687500	-42.281670
3306.640625	-34.846951
3308.593750	-36.673588
3310.546875	-37.716347
3312.500000	-41.304031
3314.453125	-38.686104
3316.406250	-34.373249
3318.359375	-30.780075
3320.312500	-36.920113
3322.265625	-42.906113
3324.218750	-41.576931
3326.171875	-39.334583
3328.125000	-35.374840
3330.078125	-38.509918
3332.031250	-35.703770
3333.984375	-34.518230
3335.937500	-37.228394
3337.890625	-45.094612
3339.843750	-42.089554
3341.796875	-40.765301
3343.750000	-38.608376
3345.703125	-34.552269
3347.656250	-36.235508
3349.609375	-34.610611
3351.562500	-38.924660
3353.515625	-42.776012
3355.468750	-40.218014
3357.421875	-38.354355
3359.375000	-36.410069
3361.328125	-35.686516
3363.281250	-31.533113
3365.234375	-33.507225
3367.187500	-44.465176
3369.140625	-40.132008
3371.093750	-32.563869
3373.046875	-33.187519
3375.000000	-36.238770
3376.953125	-33.057354
3378.906250	-34.998886
3380.859375	-38.604198
3382.812500	-40.513939
3384.765625	-44.933224
3386.718750	-39.843090
3388.671875	-41.672100
3390.625000	-38.707943
3392.578125	-36.576000
3394.531250	-34.132023
3396.484375	-41.064102
3398.437500	-36.393528
3400.390625	-36.592220
3402.343750	-39.418766
3404.296875	-36.786724
3406.250000	-39.243389
3408.203125	-44.539078
3410.156250	-41.600605
3412.109375	-43.949745
3414.062500	-46.687836
3416.015625	-40.333385
3417.968750	-32.965374
3419.921875	-31.658978
3421.875000	-35.841820
3423.828125	-37.157925
3425.781250	-39.800915
3427.734375	-37.002441
3429.687500	-35.839420
3431.640625	-36.770412
3433.593750	-35.531406
3435.546875	-52.340332
3437.500000	-33.011112
3439.453125	-34.218983
3441.406250	-36.596786
3443.359375	-35.522545
3445.312500	-36.851566
3447.265625	-39.849297
3449.218750	-39.393513
3451.171875	-40.125870
3453.125000	-38.928616
3455.078125	-37.021435
3457.031250	-37.226097
3458.984375	-35.929863
3460.937500	-37.907349
3462.890625	-40.074894
3464.843750	-47.120525
3466.796875	-43.286774
3468.750000	-41.967831
3470.703125	-35.238686
3472.656250	-35.108585
3474.609375	-37.247093
3476.562500	-32.503723
3478.515625	-36.832249
3480.468750	-41.518723
3482.421875	-42.019306
3484.375000	-35.374229
3486.328125	-36.550167
3488.281250	-39.772900
3490.234375	-36.021912
3492.187500	-34.964073
3494.140625	-34.660030
3496.093750	-34.575924
3498.046875	-39.258778
3500.000000	-40.881134
3501.953125	-33.695541
3503.906250	-33.336491
3505.859375	-33.411377
3507.812500	-38.457462
3509.765625	-43.358849
3511.718750	-39.234924
3513.671875	-35.279839
3515.625000	-37.127499
3517.578125	-39.252361
3519.531250	-40.729000
3521.484375	-41.400677
3523.437500	-38.143620
3525.390625	-40.790298
3527.343750	-42.982059
3529.296875	-35.388248
3531.250000	-33.543381
3533.203125	-39.248604
3535.156250	-39.103657
3537.109375	-37.551136
3539.062500	-39.368313
3541.015625	-39.398922
3542.968750	-36.036785
3544.921875	-38.008690
3546.875000	-38.789104
3548.828125	-36.131355
3550.781250	-37.370567
3552.734375	-36.143524
3554.687500	-36.081165
3556.640625	-33.741379
3558.593750	-34.431034
3560.546875	-39.062061
3562.500000	-41.269157
3564.453125	-36.303295
3566.406250	-36.873684
3568.359375	-38.869884
3570.312500	-38.866287
3572.265625	-34.091496
3574.218750	-37.516006
3576.171875	-41.609241
3578.125000	-36.902576
3580.078125	-33.785412
3582.031250	-34.724991
3583.984375	-34.193157
3585.937500	-35.247364
3587.890625	-37.415756
3589.843750	-41.657986
3591.796875	-45.776573
3593.750000	-37.700153
3595.703125	-34.555782
3597.656250	-34.373421
3599.609375	-44.067989
3601.562500	-35.761986
3603.515625	-33.136211
3605.468750	-36.617706
3607.421875	-42.003216
3609.375000	-40.649681
3611.328125	-37.055138
3613.281250	-40.764927
3615.234375	-40.928436
3617.187500	-34.416145
3619.140625	-34.799332
3621.093750	-36.623867
3623.046875	-43.098095
3625.000000	-41.168892
3626.953125	-36.732033
3628.906250	-33.789566
3630.859375	-31.692007
3632.812500	-42.906017
3634.765625	-34.533119
3636.718750	-33.770069
3638.671875	-35.039600
3640.625000	-32.345127
3642.578125	-39.576962
3644.531250	-34.252758
3646.484375	-36.773762
3648.437500	-40.585953
3650.390625	-36.836315
3652.343750	-36.416298
3654.296875	-38.278900
3656.250000	-38.147770
3658.203125	-39.501568
3660.156250	-37.417431
3662.109375	-36.085453
3664.062500	-38.277031
3666.015625	-36.231133
3667.968750	-42.198967
3669.921875	-48.886295
3671.875000	-45.496834
3673.828125	-37.261776
3675.781250	-39.068783
3677.734375	-42.063969
3679.687500	-46.307980
3681.640625	-44.477543
3683.593750	-38.342556
3685.546875	-39.219872
3687.500000	-34.067600
3689.453125	-39.243824
3691.406250	-39.361160
3693.359375	-35.831680
3695.312500	-37.337601
3697.265625	-39.952595
3699.218750	-38.906723
3701.171875	-40.742302
3703.125000	-37.404934
3705.078125	-38.860592
3707.031250	-40.101620
3708.984375	-36.201496
3710.937500	-33.437374
3712.890625	-36.623032
3714.843750	-42.347237
3716.796875	-41.678658
3718.750000	-35.393005
3720.703125	-39.116764
3722.656250	-37.384464
3724.609375	-36.538738
3726.562500	-33.019970
3728.515625	-38.948082
3730.468750	-54.502975
3732.421875	-43.879360
3734.375000	-37.310959
3736.328125	-31.710545
3738.281250	-33.880768
3740.234375	-39.044941
3742.187500	-37.711681
3744.140625	-42.281193
3746.093750	-36.195679
3748.046875	-36.132286
3750.000000	-37.948071
3751.953125	-38.137161
3753.906250	-42.011787
3755.859375	-36.315834
3757.812500	-37.496216
3759.765625	-39.147743
3761.718750	-37.819889
3763.671875	-39.622154
3765.625000	-38.002491
3767.578125	-36.874912
3769.531250	-39.991585
3771.484375	-41.028984
3773.437500	-35.889053
3775.390625	-36.993027
3777.343750	-34.367321
3779.296875	-36.653606
3781.250000	-36.578125
3783.203125	-32.412186
3785.156250	-33.005836
3787.109375	-39.429638
3789.062500	-39.614105
3791.015625	-36.413044
3792.968750	-37.969849
3794.921875	-43.535252
3796.875000	-37.806419
3798.828125	-34.798065
3800.781250	-39.214439
3802.734375	-37.833923
3804.687500	-33.209068
3806.640625	-33.374802
3808.593750	-39.511219
3810.546875	-44.211037
3812.500000	-48.015343
3814.453125	-36.630970
3816.406250	-34.103271
3818.359375	-32.485764
3820.312500	-33.612976
3822.265625	-41.627449
3824.218750	-42.127995
3826.171875	-39.915096
3828.125000	-37.835201
3830.078125	-38.187286
3832.031250	-39.023506
3833.984375	-38.446724
3835.937500	-36.147942
3837.890625	-37.213051
3839.843750	-36.024086
3841.796875	-36.079964
3843.750000	-32.573219
3845.703125	-35.961975
3847.656250	-39.933056
3849.609375	-36.066971
3851.562500	-33.346653
3853.515625	-39.180237
3855.468750	-41.328678
3857.421875	-36.172989
3859.375000	-36.778946
3861.328125	-41.583065
3863.281250	-42.626457
3865.234375	-42.102604
3867.187500	-34.261353
3869.140625	-33.073925
3871.093750	-38.612411
3873.046875	-43.980202
3875.000000	-34.603111
3876.953125	-34.042618
3878.906250	-34.193733
3880.859375	-33.841148
3882.812500	-34.863312
3884.765625	-38.577118
3886.718750	-37.852249
3888.671875	-38.106937
3890.625000	-37.568619
3892.578125	-38.447239
3894.531250	-36.092560
3896.484375	-35.052837
3898.437500	-34.444958
3900.390625	-39.105053
3902.343750	-43.695869
3904.296875	-42.664413
3906.250000	-44.226841
3908.203125	-40.652447
3910.156250	-44.946098
3912.109375	-34.169792
3914.062500	-34.320759
3916.015625	-40.155193
3917.968750	-40.202724
3919.921875	-40.177814
3921.875000	-35.153690
3923.828125	-36.519855
3925.781250	-38.218620
3927.734375	-41.348072
3929.687500	-36.317688
3931.640625	-33.509628
3933.593750	-36.753567
3935.546875	-42.173008
3937.500000	-37.860085
3939.453125	-37.705105
3941.406250	-37.797646
3943.359375	-34.389366
3945.312500	-31.988430
3947.265625	-37.233086
3949.218750	-38.787094
3951.171875	-35.517242
3953.125000	-35.027905
3955.078125	-35.258396
3957.031250	-36.804977
3958.984375	-44.803417
3960.937500	-35.613125
3962.890625	-35.206512
3964.843750	-36.697044
3966.796875	-37.948242
3968.750000	-41.487976
3970.703125	-38.171360
3972.656250	-36.316967
3974.609375	-36.226074
3976.562500	-42.493378
3978.515625	-38.150009
3980.468750	-46.649410
3982.421875	-36.820557
3984.375000	-41.635162
3986.328125	-33.099590
3988.281250	-35.684750
3990.234375	-36.278950
3992.187500	-39.834389
3994.140625	-39.148777
3996.093750	-38.829567
3998.046875	-41.645668
